from	to	from.marker	to.marker	width	from.bp	to.bp	chromosome	logP	pointwise.permute.pval	genomewide.permute.pval
1	1	MN1_29291	MN1_29291	1	29292	29292	chr1	5.38856932297937	0	0.003
2	2	MN1_29716	MN1_29716	1	29758	29758	chr1	5.49735994501105	0	0.003
3	3	MN1_112907	MN1_112907	1	112908	112908	chr1	5.26301547142758	0	0.003
4	4	MASC03771	MASC03771	1	174606	174606	chr1	5.15836325387676	0	0.003
5	5	MN1_197787	MN1_197787	1	197788	197788	chr1	5.17122002485734	0	0.003
6	6	MN1_340810	MN1_340810	1	340811	340811	chr1	5.12061424575762	0	0.003
7	7	MN1_395107	MN1_395107	1	395108	395108	chr1	5.07639324193622	0	0.004
8	8	MN1_444820	MN1_444820	1	444765	444765	chr1	4.46772971440964	0	0.006
9	9	MN1_494205	MN1_494205	1	494206	494206	chr1	4.66385972644955	0	0.005
10	10	MN1_592863	MN1_592863	1	592868	592868	chr1	4.68455871989715	0	0.005
11	11	MN1_592760	MN1_592760	1	592985	592985	chr1	4.48301976699587	0	0.006
12	12	BKN118	BKN118	1	761585	761585	chr1	4.54863271895166	0	0.005
13	13	MN1_1042427	MN1_1042427	1	1042428	1042428	chr1	4.17490442628634	0	0.016
14	14	CRY2_1021	CRY2_1021	1	1187842	1187842	chr1	4.14826417895874	0	0.018
15	15	CRY2_429	CRY2_429	1	1188434	1188434	chr1	4.20664394590518	0	0.015
16	16	MASC07014	MASC07014	1	1189375	1189375	chr1	4.1944497595837	0	0.016
17	17	MASC03609	MASC03609	1	1226551	1226551	chr1	4.52474166380913	0	0.005
18	18	MN1_1296068	MN1_1296068	1	1296069	1296069	chr1	4.66250223325432	0	0.005
19	19	MN1_1399466	MN1_1399466	1	1399467	1399467	chr1	4.81794817975378	0	0.005
20	20	AXR1_381	AXR1_381	1	1500228	1500228	chr1	4.97410877241358	0	0.005
21	21	MASC07424	MASC07424	1	1503000	1503000	chr1	4.9246168481391	0	0.005
22	22	MASC07283	MASC07283	1	1559682	1559682	chr1	5.11216116344499	0	0.003
23	23	MN1_1602026	MN1_1602026	1	1602027	1602027	chr1	5.19744992722769	0	0.003
24	24	MN1_1844838	MN1_1844838	1	1844839	1844839	chr1	5.12596684578197	0	0.003
25	25	MASC00879	MASC00879	1	1893391	1893391	chr1	5.18113156301726	0	0.003
26	26	MN1_1945105	MN1_1945105	1	1945101	1945101	chr1	5.06580740542159	0	0.004
27	27	MASC07329	MASC07329	1	1968826	1968826	chr1	4.87027779709777	0	0.005
28	28	MN1_2211127	MN1_2211127	1	2211127	2211127	chr1	4.99173170088648	0	0.005
29	29	MASC03758	MASC03758	1	2312696	2312696	chr1	4.73101975885286	0.001	0.005
30	30	MASC03812	MASC03812	1	2412530	2412530	chr1	5.29817806257302	0.001	0.003
31	31	MN1_2547756	MN1_2547756	1	2547757	2547757	chr1	5.18190530781183	0.001	0.003
32	32	MN1_2548265	MN1_2548265	1	2548242	2548242	chr1	5.20475946840198	0.001	0.003
33	33	MN1_2696683	MN1_2696683	1	2696676	2696676	chr1	5.00027615618718	0.001	0.005
34	34	NMSNP1_2844525	NMSNP1_2844525	1	NA	NA	chr1	4.89499394698499	0.001	0.005
35	35	MN1_2991816	MN1_2991816	1	2991817	2991817	chr1	4.83166696515971	0.001	0.005
36	36	MN1_3041659	MN1_3041659	1	3041654	3041654	chr1	4.75046745157501	0.001	0.005
37	37	PHYA_6473	PHYA_6473	1	3095020	3095020	chr1	4.63080246821888	0.001	0.005
38	38	PHYA_924	PHYA_924	1	3100564	3100564	chr1	4.54964182514085	0.001	0.005
39	39	PHYA_119	PHYA_119	1	3101309	3101309	chr1	4.62322827398465	0.001	0.005
40	40	MN1_3169209	MN1_3169209	1	3169210	3169210	chr1	4.65538281457331	0.001	0.005
41	41	MN1_3229670	MN1_3229670	1	3229849	3229849	chr1	4.49381319794039	0.001	0.005
42	42	MN1_3294749	MN1_3294749	1	3294750	3294750	chr1	4.50785021080983	0.001	0.005
43	43	MN1_3398242	MN1_3398242	1	3398243	3398243	chr1	4.41226650635557	0.001	0.009
44	44	MASC09203	MASC09203	1	3487276	3487276	chr1	4.57415304972211	0.001	0.005
45	45	MASC00490	MASC00490	1	3502817	3502817	chr1	4.45833304178945	0.001	0.006
46	46	MN1_3503859	MN1_3503859	1	3503860	3503860	chr1	4.59714886921408	0.001	0.005
47	47	MN1_3645500	MN1_3645500	1	3645501	3645501	chr1	4.61512644590921	0	0.005
48	48	MN1_3678711	MN1_3678711	1	3678712	3678712	chr1	4.96518450276176	0	0.005
49	49	MN1_3798407	MN1_3798407	1	3798408	3798408	chr1	5.11194624582165	0	0.003
50	50	MN1_3872522	MN1_3872522	1	3872523	3872523	chr1	5.24997915986934	0	0.003
51	51	MN1_3941311	MN1_3941311	1	3941312	3941312	chr1	5.05174151049957	0	0.004
52	52	MN1_4041372	MN1_4041372	1	4041373	4041373	chr1	4.60918093188092	0.001	0.005
53	53	MN1_4096221	MN1_4096221	1	4096220	4096220	chr1	4.54175610238643	0.001	0.005
54	54	MN1_4142767	MN1_4142767	1	4142767	4142767	chr1	4.54223420300653	0.001	0.005
55	55	MN1_4248888	MN1_4248888	1	4248889	4248889	chr1	4.81160967258849	0	0.005
56	56	MN1_4317541	MN1_4317541	1	4317529	4317529	chr1	5.05542427496203	0	0.004
57	57	MN1_4396426	MN1_4396426	1	4396426	4396426	chr1	5.50399218589498	0	0.003
58	58	MN1_4529322	MN1_4529322	1	4529323	4529323	chr1	5.83795660546273	0	0.001
59	59	MN1_4569396	MN1_4569396	1	4569397	4569397	chr1	5.96724815355012	0	0.001
60	60	MN1_4671355	MN1_4671355	1	4671356	4671356	chr1	5.47318575072793	0	0.003
61	61	MN1_4947324	MN1_4947324	1	4947324	4947324	chr1	5.18886298107521	0	0.003
62	62	MN1_4992106	MN1_4992106	1	4992107	4992107	chr1	4.79701159930481	0	0.005
63	63	MN1_5095606	MN1_5095606	1	5095607	5095607	chr1	4.5221135426487	0	0.005
64	64	GAI_173	GAI_173	1	5148222	5148222	chr1	4.35516226678652	0	0.01
65	65	GAI_2211	GAI_2211	1	5150177	5150177	chr1	3.84002569376021	0	0.033
66	66	MN1_5206767	MN1_5206767	1	5206768	5206768	chr1	3.40214312135745	0.001	0.084
67	67	MN1_5206981	MN1_5206981	1	5206982	5206982	chr1	3.5189604049626	0.001	0.073
68	68	MN1_5290742	MN1_5290742	1	5290743	5290743	chr1	3.4830131465593	0.001	0.076
69	69	MASC00816	MASC00816	1	5401398	5401398	chr1	3.28524215428428	0.002	0.105
70	70	MASC00820	MASC00820	1	5447587	5447587	chr1	3.14552085427822	0.001	0.132
71	71	MN1_5482065	MN1_5482065	1	5482063	5482063	chr1	3.35851305635813	0.001	0.092
72	72	SPS1_151	SPS1_151	1	5608983	5608983	chr1	3.82471305446773	0	0.035
73	73	MN1_5628735	MN1_5628735	1	5628736	5628736	chr1	3.66736694735347	0	0.053
74	74	MN1_5669326	MN1_5669326	1	5669327	5669327	chr1	3.81117341983733	0	0.036
75	75	MN1_5860106	MN1_5860106	1	5860196	5860196	chr1	3.75080951630359	0	0.044
76	76	MN1_5860511	MN1_5860511	1	5860512	5860512	chr1	3.70323913901474	0	0.047
77	77	MASC00503	MASC00503	1	5878615	5878615	chr1	3.42507706956306	0.001	0.082
78	78	MASC02743	MASC02743	1	5898230	5898230	chr1	3.40426978076305	0.002	0.083
79	79	MN1_5923042	MN1_5923042	1	5923042	5923042	chr1	3.55103269107854	0	0.066
80	80	NMSNP1_5923293	NMSNP1_5923293	1	NA	NA	chr1	3.93575812732838	0	0.027
81	81	MFT_113	MFT_113	1	6227478	6227478	chr1	3.95817760417097	0	0.026
82	82	MFT_668	MFT_668	1	6228033	6228033	chr1	3.9949684136392	0	0.025
83	83	MFT_2488	MFT_2488	1	6229825	6229825	chr1	4.00878848261044	0	0.024
84	84	MFT_3459	MFT_3459	1	6230790	6230790	chr1	3.96543598030342	0	0.026
85	85	BUD1_34	BUD1_34	1	6315843	6315843	chr1	3.40224240701382	0.001	0.084
86	86	BUD1_348	BUD1_348	1	6316157	6316157	chr1	4.07275499474285	0	0.021
87	87	MASC03577	MASC03577	1	6672676	6672676	chr1	3.9875207136086	0	0.026
88	88	MASC04085	MASC04085	1	6826500	6826500	chr1	4.01361514638377	0	0.024
89	89	NMSNP1_6833309	NMSNP1_6833309	1	NA	NA	chr1	3.99850822149790	0	0.024
90	90	MP_68	MP_68	1	6889606	6889606	chr1	3.81442215283655	0	0.036
91	91	MASC07242	MASC07242	1	6940520	6940520	chr1	3.36466871679388	0	0.091
92	92	NMSNP1_6941245	NMSNP1_6941245	1	NA	NA	chr1	4.04050794734367	0	0.023
93	93	NMSNP1_7096171	NMSNP1_7096171	1	NA	NA	chr1	4.23971763213361	0	0.013
94	94	MASC1	MASC1	1	7301067	7301067	chr1	4.35557822256513	0	0.01
95	95	MASC2	MASC2	1	7497681	7497681	chr1	4.60344194952083	0	0.005
96	96	NMSNP1_7672828	NMSNP1_7672828	1	NA	NA	chr1	4.97999346462184	0	0.005
97	97	NMSNP1_7735482	NMSNP1_7735482	1	NA	NA	chr1	5.04633900760604	0	0.004
98	98	GI_123	GI_123	1	8060816	8060816	chr1	4.64249221866505	0	0.005
99	99	GI_511	GI_511	1	8061201	8061201	chr1	5.28237490301545	0	0.003
100	100	GI_2067	GI_2067	1	8062723	8062723	chr1	5.33277403893636	0	0.003
101	101	GI_2186	GI_2186	1	8062842	8062842	chr1	4.92062582206195	0	0.005
102	102	GI_5292	GI_5292	1	8065930	8065930	chr1	5.85773046679461	0	0.001
103	103	BKN923	BKN923	1	8385007	8385007	chr1	5.82983613157623	0	0.001
104	104	PFT1_6609	PFT1_6609	1	8969343	8969343	chr1	7.40011853549086	0	0
105	105	PFT1_5341	PFT1_5341	1	8970569	8970569	chr1	7.03872966384967	0	0
106	106	PFT1_3782	PFT1_3782	1	8972128	8972128	chr1	6.99588151810614	0	0
107	107	PFT1_2195	PFT1_2195	1	8973715	8973715	chr1	6.75636553718656	0	0
108	108	PFT1_1656	PFT1_1656	1	8974254	8974254	chr1	6.61427178698854	0	0
109	109	PFT1_1066	PFT1_1066	1	8974843	8974843	chr1	6.4412608592699	0	0
110	110	CAL_454	CAL_454	1	9101749	9101749	chr1	6.8567389680877	0	0
111	111	SGCSNP17579	SGCSNP17579	1	9240802	9240802	chr1	7.05763249374671	0	0
112	112	MASC05303	MASC05303	1	9362040	9362040	chr1	6.36916313233678	0	0
113	113	MASC00393	MASC00393	1	9516363	9516363	chr1	6.47362961635878	0	0
114	114	MASC04947	MASC04947	1	9600391	9600391	chr1	6.72510315714272	0	0
115	115	NMSNP1_9973291	NMSNP1_9973291	1	NA	NA	chr1	6.30886066235918	0	0
116	116	MN1_10095364	MN1_10095364	1	10095364	10095364	chr1	5.87260775042154	0	0.001
117	117	MN1_10176455	MN1_10176455	1	10176456	10176456	chr1	5.58187186489962	0	0.002
118	118	MN1_10423523	MN1_10423523	1	10423524	10423524	chr1	6.59461369225302	0	0
119	119	MN1_10423673	MN1_10423673	1	10423675	10423675	chr1	6.6951553684182	0	0
120	120	MN1_10547598	MN1_10547598	1	10547599	10547599	chr1	6.61170249945836	0	0
121	121	NMSNP1_10720273	NMSNP1_10720273	1	NA	NA	chr1	6.44887205245686	0	0
122	122	MN1_10841443	MN1_10841443	1	10841444	10841444	chr1	6.15410337427481	0	0
123	123	MN1_10983877	MN1_10983877	1	10983863	10983863	chr1	6.25794877334182	0	0
124	124	NMSNP1_11037297	NMSNP1_11037297	1	NA	NA	chr1	6.2541635347843	0	0
125	125	MASC03534	MASC03534	1	11037670	11037670	chr1	6.24567619893934	0	0
126	126	MASC02650	MASC02650	1	11070715	11070715	chr1	6.42350917660417	0	0
127	127	MN1_11160016	MN1_11160016	1	11159764	11159764	chr1	6.56951522869397	0	0
128	128	MN1_11159773	MN1_11159773	1	11159834	11159834	chr1	7.2303956657939	0	0
129	129	MASC01991	MASC01991	1	11215257	11215257	chr1	7.80803781608404	0	0
130	130	NMSNP1_11399885	NMSNP1_11399885	1	NA	NA	chr1	7.02595435270162	0	0
131	131	FRL2_2232	FRL2_2232	1	11412655	11412655	chr1	7.20486784766393	0	0
132	132	MN1_11466199	MN1_11466199	1	11466167	11466167	chr1	7.41904506077149	0	0
133	133	MN1_11553514	MN1_11553514	1	11553515	11553515	chr1	7.70203559379717	0	0
134	134	MN1_11655695	MN1_11655695	1	11655520	11655520	chr1	8.4751416572014	0	0
135	135	MN1_11850148	MN1_11850148	1	11850149	11850149	chr1	8.83332337954481	0	0
136	136	MN1_12093546	MN1_12093546	1	12093547	12093547	chr1	9.21330303542906	0	0
137	137	MASC00317	MASC00317	1	12207998	12207998	chr1	10.3230567204221	0	0
138	138	PERL0107626	PERL0107626	1	12646729	12646729	chr1	10.2515013867013	0	0
139	139	MN1_12892627	MN1_12892627	1	12892621	12892621	chr1	10.2308947544861	0	0
140	140	NMSNP1_13090493	NMSNP1_13090493	1	NA	NA	chr1	10.0886896655370	0	0
141	141	SGCSNP10165	SGCSNP10165	1	13201132	13201132	chr1	9.56804922924139	0	0
142	142	MASC03490	MASC03490	1	13218353	13218353	chr1	10.1756402757413	0	0
143	143	MN1_13541819	MN1_13541819	1	13541820	13541820	chr1	10.1262589023158	0	0
144	144	MN1_13671674	MN1_13671674	1	13671675	13671675	chr1	9.15695295605174	0	0
145	145	MASC02571	MASC02571	1	13833393	13833393	chr1	7.48040412928687	0	0
146	146	MASC02577	MASC02577	1	13833649	13833649	chr1	7.30499719266745	0	0
147	147	MN1_14162893	MN1_14162893	1	14162894	14162894	chr1	7.2881312915945	0	0
148	148	PERL0126101	PERL0126101	1	14924928	14924928	chr1	7.8704789108113	0	0
149	149	PERL0126888	PERL0126888	1	15527887	15527887	chr1	7.81423892695063	0	0
150	150	PERL0128810	PERL0128810	1	15768057	15768057	chr1	7.21219499829673	0	0
151	151	MASC04128	MASC04128	1	15930563	15930563	chr1	7.43052140402141	0	0
152	152	NMSNP1_15977186	NMSNP1_15977186	1	NA	NA	chr1	7.45754164148111	0	0
153	153	MASC03083	MASC03083	1	16130993	16130993	chr1	7.41563195704142	0	0
154	154	PERL0132168	PERL0132168	1	16137368	16137368	chr1	7.57811837013881	0	0
155	155	PERL0133385	PERL0133385	1	16254223	16254223	chr1	6.86461948473881	0	0
156	156	MASC04211	MASC04211	1	16646979	16646979	chr1	6.67791335626684	0	0
157	157	MASC06784	MASC06784	1	16874328	16874328	chr1	6.97209593823202	0	0
158	158	MN1_16874540	MN1_16874540	1	16874541	16874541	chr1	5.99622036031284	0	0.001
159	159	MN1_17151137	MN1_17151137	1	17151138	17151138	chr1	5.83293288820476	0	0.001
160	160	MN1_17181992	MN1_17181992	1	17181985	17181985	chr1	5.22809195679792	0	0.003
161	161	PERL0147872	PERL0147872	1	17476656	17476656	chr1	5.14034524566443	0	0.003
162	162	MN1_17682799	MN1_17682799	1	17682800	17682800	chr1	5.12173726614898	0	0.003
163	163	MN1_17880459	MN1_17880459	1	17880460	17880460	chr1	5.86489681175329	0	0.001
164	164	MN1_18040860	MN1_18040860	1	18040861	18040861	chr1	6.0413382998912	0	0.001
165	165	MN1_18232105	MN1_18232105	1	18232105	18232105	chr1	6.26465792665497	0	0
166	166	MN1_18632912	MN1_18632912	1	18632907	18632907	chr1	6.55248304483786	0	0
167	167	MN1_18633081	MN1_18633081	1	18633076	18633076	chr1	6.6370840748587	0	0
168	168	MASC00545	MASC00545	1	18947634	18947634	chr1	6.15871224472529	0	0
169	169	MN1_19400778	MN1_19400778	1	19400777	19400777	chr1	6.62774652601384	0	0
170	170	MASC00855	MASC00855	1	19438636	19438636	chr1	6.85009747111653	0	0
171	171	MN1_19506032	MN1_19506032	1	19506033	19506033	chr1	6.80371160087302	0	0
172	172	MN1_19519292	MN1_19519292	1	19519343	19519343	chr1	8.23510998522156	0	0
173	173	MN1_19782301	MN1_19782301	1	19782459	19782459	chr1	7.94468509383518	0	0
174	174	MN1_19782567	MN1_19782567	1	19782568	19782568	chr1	9.10706321878092	0	0
175	175	MASC03754	MASC03754	1	20030865	20030865	chr1	9.48544992022352	0	0
176	176	MASC01983	MASC01983	1	20139509	20139509	chr1	9.68246138491979	0	0
177	177	MN1_20174828	MN1_20174828	1	20174829	20174829	chr1	10.0605179907842	0	0
178	178	NMSNP1_20175347	NMSNP1_20175347	1	NA	NA	chr1	9.4068325916771	0	0
179	179	MASC00497	MASC00497	1	20314114	20314114	chr1	9.44265485686432	0	0
180	180	PERL0172350	PERL0172350	1	20357576	20357576	chr1	9.3850623242155	0	0
181	181	PERL0173191	PERL0173191	1	20514445	20514445	chr1	9.35609995651789	0	0
182	182	PERL0174281	PERL0174281	1	20686612	20686612	chr1	9.6124374871585	0	0
183	183	MASC03676	MASC03676	1	20766165	20766165	chr1	10.0632280863104	0	0
184	184	MASC00513	MASC00513	1	20806858	20806858	chr1	10.5551505161435	0	0
185	185	MASC07288	MASC07288	1	20971834	20971834	chr1	10.6106426791361	0	0
186	186	MN1_21079881	MN1_21079881	1	21079882	21079882	chr1	10.7345635269999	0	0
187	187	MN1_21080288	MN1_21080288	1	21080289	21080289	chr1	11.1599182933137	0	0
188	188	MASC00290	MASC00290	1	21140728	21140728	chr1	11.9525528318491	0	0
189	189	MASC07198	MASC07198	1	21381939	21381939	chr1	12.3716103233324	0	0
190	190	NMSNP1_21401093	NMSNP1_21401093	1	NA	NA	chr1	12.2481272623854	0	0
191	191	NMSNP1_21401646	NMSNP1_21401646	1	NA	NA	chr1	12.0126870453656	0	0
192	192	MN1_21669171	MN1_21669171	1	21669172	21669172	chr1	13.0967712358832	0	0
193	193	MN1_21669564	MN1_21669564	1	21669565	21669565	chr1	12.8517865348016	0	0
194	194	MN1_21908389	MN1_21908389	1	21908604	21908604	chr1	12.4612058113751	0	0
195	195	MN1_21944762	MN1_21944762	1	21944763	21944763	chr1	12.7036427316799	0	0
196	196	NMSNP1_22283511	NMSNP1_22283511	1	NA	NA	chr1	12.1555473433903	0	0
197	197	MASC04170	MASC04170	1	22289897	22289897	chr1	11.8407926347328	0	0
198	198	MASC02598	MASC02598	1	22290232	22290232	chr1	11.2312604180875	0	0
199	199	MN1_22354107	MN1_22354107	1	22354108	22354108	chr1	11.2221629573258	0	0
200	200	NMSNP1_22388154	NMSNP1_22388154	1	NA	NA	chr1	10.8509380291605	0	0
201	201	MN1_22971216	MN1_22971216	1	22971216	22971216	chr1	10.0149576897056	0	0
202	202	MN1_23077276	MN1_23077276	1	23077275	23077275	chr1	8.87617438629732	0	0
203	203	MN1_23270514	MN1_23270514	1	23270515	23270515	chr1	7.68418175587817	0	0
204	204	MN1_23270852	MN1_23270852	1	23270632	23270632	chr1	8.04901277724004	0	0
205	205	MN1_23474588	MN1_23474588	1	23474584	23474584	chr1	7.8884860980395	0	0
206	206	MN1_23820732	MN1_23820732	1	23820733	23820733	chr1	6.59351665087595	0	0
207	207	MN1_23893336	MN1_23893336	1	23893337	23893337	chr1	6.53878249462781	0	0
208	208	MASC03447	MASC03447	1	24040919	24040919	chr1	6.62869383693867	0	0
209	209	MN1_24322296	MN1_24322296	1	24322358	24322358	chr1	5.86902133295759	0	0.001
210	210	FT_585	FT_585	1	24334363	24334363	chr1	6.71087773158135	0	0
211	211	FT_1643	FT_1643	1	24335382	24335382	chr1	6.7521327791548	0	0
212	212	FT_2940	FT_2940	1	24336669	24336669	chr1	6.65714897689933	0	0
213	213	FT_3485	FT_3485	1	24337212	24337212	chr1	6.86968654011177	0	0
214	214	NMSNP1_24396180	NMSNP1_24396180	1	NA	NA	chr1	6.61636021428225	0	0
215	215	MN1_24468414	MN1_24468414	1	24468415	24468415	chr1	6.28489351464352	0	0
216	216	NMSNP1_24526295	NMSNP1_24526295	1	NA	NA	chr1	6.45424066695768	0	0
217	217	MN1_24694673	MN1_24694673	1	24694674	24694674	chr1	6.41832175786995	0	0
218	218	NMSNP1_24738247	NMSNP1_24738247	1	NA	NA	chr1	7.01326427557706	0	0
219	219	RGL1_1171	RGL1_1171	1	24751936	24751936	chr1	6.60121042985335	0	0
220	220	RGL1_1511	RGL1_1511	1	24752276	24752276	chr1	6.93998627914614	0	0
221	221	MN1_24795166	MN1_24795166	1	24795167	24795167	chr1	6.92549587008351	0	0
222	222	SGCSNP10530	SGCSNP10530	1	25031165	25031165	chr1	6.15121033594775	0	0
223	223	MN1_25375953	MN1_25375953	1	25375952	25375952	chr1	5.2346079883893	0	0.003
224	224	MN1_25487722	MN1_25487722	1	25487722	25487722	chr1	4.81727314763333	0	0.005
225	225	FKF1_447	FKF1_447	1	25511762	25511762	chr1	4.88835781641758	0	0.005
226	226	FKF1_606	FKF1_606	1	25511891	25511891	chr1	4.23496550966861	0	0.013
227	227	FKF1_2281	FKF1_2281	1	25513560	25513560	chr1	4.57713505805333	0	0.005
228	228	MASC00557	MASC00557	1	25738759	25738759	chr1	3.50396514362519	0	0.075
229	229	PERL0234167	PERL0234167	1	25741450	25741450	chr1	4.08597585006149	0	0.021
230	230	PERL0235052	PERL0235052	1	25853591	25853591	chr1	4.04599717994869	0	0.023
231	231	PERL0236029	PERL0236029	1	25979570	25979570	chr1	4.25830501376709	0	0.012
232	232	MN1_26278413	MN1_26278413	1	26278414	26278414	chr1	3.96877006637468	0	0.026
233	233	MASC00516	MASC00516	1	26408790	26408790	chr1	3.8942081019069	0	0.031
234	234	MASC03684	MASC03684	1	26450427	26450427	chr1	3.57091047054652	0	0.064
235	235	MN1_26454394	MN1_26454394	1	26454392	26454392	chr1	3.70097991368371	0	0.048
236	236	MASC02946	MASC02946	1	26507545	26507545	chr1	4.27007251125258	0	0.011
237	237	NMSNP1_26685638	NMSNP1_26685638	1	NA	NA	chr1	5.0451564436742	0	0.004
238	238	MN1_26787727	MN1_26787727	1	26787728	26787728	chr1	5.22618235510446	0	0.003
239	239	MN1_26795231	MN1_26795231	1	26795232	26795232	chr1	5.41134272350247	0	0.003
240	240	MASC00553	MASC00553	1	26799323	26799323	chr1	5.26586169015348	0	0.003
241	241	NMSNP1_26894598	NMSNP1_26894598	1	NA	NA	chr1	5.06374190377725	0	0.004
242	242	MASC02765	MASC02765	1	26972608	26972608	chr1	4.70568552644212	0	0.005
243	243	MN1_26993261	MN1_26993261	1	26993243	26993243	chr1	4.53978230448232	0	0.005
244	244	MN1_27251404	MN1_27251404	1	27251405	27251405	chr1	4.32826668052183	0	0.01
245	245	MN1_27291170	MN1_27291170	1	27291171	27291171	chr1	3.90640319776042	0	0.029
246	246	MN1_27650077	MN1_27650077	1	27650078	27650078	chr1	3.68372397168749	0	0.051
247	247	MASC00664	MASC00664	1	27803119	27803119	chr1	3.6788349921372	0	0.051
248	248	NMSNP1_27855784	NMSNP1_27855784	1	NA	NA	chr1	3.94572594346879	0	0.026
249	249	MASC00850	MASC00850	1	28140438	28140438	chr1	4.41046442309641	0	0.009
250	250	MN1_28190283	MN1_28190283	1	28190284	28190284	chr1	4.5693280227062	0	0.005
251	251	MN1_28408707	MN1_28408707	1	28408708	28408708	chr1	4.60336004892575	0	0.005
252	252	MN1_28584258	MN1_28584258	1	28584259	28584259	chr1	4.84389719011947	0	0.005
253	253	MASC02069	MASC02069	1	28598296	28598296	chr1	4.9998435711723	0	0.005
254	254	MN1_28666837	MN1_28666837	1	28666838	28666838	chr1	5.07900066039293	0	0.004
255	255	SGCSNP10779	SGCSNP10779	1	28835488	28835488	chr1	5.13071402409923	0	0.003
256	256	MASC03765	MASC03765	1	28889762	28889762	chr1	5.13380348480452	0	0.003
257	257	MASC04717	MASC04717	1	28980496	28980496	chr1	5.34192882410706	0	0.003
258	258	MN1_29326678	MN1_29326678	1	29326608	29326608	chr1	5.60262276993723	0	0.002
259	259	MN1_29326774	MN1_29326774	1	29326773	29326773	chr1	5.52571471661882	0	0.002
260	260	NMSNP1_29393465	NMSNP1_29393465	1	NA	NA	chr1	5.5494316227908	0	0.002
261	261	MASC00675	MASC00675	1	29489827	29489827	chr1	5.22583830895093	0	0.003
262	262	MASC07393	MASC07393	1	29491814	29491814	chr1	5.22937694985524	0	0.003
263	263	MN1_29496859	MN1_29496859	1	29496860	29496860	chr1	5.15828959198654	0	0.003
264	264	MN1_29612426	MN1_29612426	1	29612427	29612427	chr1	5.01480531664072	0	0.005
265	265	MN1_29696345	MN1_29696345	1	29696346	29696346	chr1	4.3363558040493	0	0.01
266	266	MASC07257	MASC07257	1	29818888	29818888	chr1	4.24751908936528	0	0.012
267	267	NMSNP1_29898175	NMSNP1_29898175	1	NA	NA	chr1	3.88632842115316	0	0.032
268	268	MN1_30049220	MN1_30049220	1	30049221	30049221	chr1	3.37755170188757	0	0.089
269	269	MN1_30116495	MN1_30116495	1	30116496	30116496	chr1	3.03780343996485	0	0.15
270	270	MN1_30214313	MN1_30214313	1	30214314	30214314	chr1	2.84757514160954	0	0.21
271	271	MN1_30312456	MN1_30312456	1	30312457	30312457	chr1	2.35197221952545	0.002	0.459
272	272	MN1_30312683	MN1_30312683	1	30312684	30312684	chr1	2.77807625087376	0	0.245
273	273	MASC02050	MASC02050	1	30319942	30319942	chr1	2.77607549375075	0	0.246
274	274	MASC09206	MASC09206	1	30353096	30353096	chr1	2.75657514864070	0	0.254
1	1	RGA_2019	RGA_2019	1	256331	256331	chr2	1.23308418593290	0.067	0.991
2	2	RGA_1671	RGA_1671	1	256679	256679	chr2	1.23944330739727	0.067	0.991
3	3	RGA_1023	RGA_1023	1	257327	257327	chr2	1.26453317711989	0.065	0.989
4	4	MN2_285851	MN2_285851	1	285852	285852	chr2	1.32691750985510	0.052	0.98
5	5	MN2_286127	MN2_286127	1	286129	286129	chr2	1.31787522219027	0.058	0.982
6	6	NMSNP2_311254	NMSNP2_311254	1	NA	NA	chr2	1.36021812271475	0.054	0.975
7	7	MN2_311552	MN2_311552	1	311554	311554	chr2	1.27812331711216	0.065	0.989
8	8	MN2_322690	MN2_322690	1	322691	322691	chr2	1.06494274745141	0.1	1
9	9	MN2_347772	MN2_347772	1	347764	347764	chr2	0.817498103414238	0.169	1
10	10	NMSNP2_453319	NMSNP2_453319	1	NA	NA	chr2	0.781227468757248	0.188	1
11	11	MN2_592845	MN2_592845	1	592840	592840	chr2	0.713182199700602	0.211	1
12	12	MN2_694239	MN2_694239	1	694241	694241	chr2	0.686962447433361	0.223	1
13	13	MN2_764549	MN2_764549	1	764529	764529	chr2	0.600774760087851	0.266	1
14	14	NMSNP2_839805	NMSNP2_839805	1	NA	NA	chr2	0.627912627185631	0.255	1
15	15	MN2_948609	MN2_948609	1	948610	948610	chr2	0.645480012695752	0.25	1
16	16	MASC05477	MASC05477	1	1125046	1125046	chr2	0.61534822086708	0.259	1
17	17	MN2_1149628	MN2_1149628	1	1149629	1149629	chr2	0.785458029610887	0.181	1
18	18	MN2_1737583	MN2_1737583	1	1737584	1737584	chr2	0.770555606914286	0.188	1
19	19	MN2_1798378	MN2_1798378	1	1798380	1798380	chr2	0.710407405813819	0.203	1
20	20	NMSNP2_1798607	NMSNP2_1798607	1	NA	NA	chr2	0.836945437566408	0.167	1
21	21	MASC06808	MASC06808	1	2026926	2026926	chr2	0.947998717375154	0.122	1
22	22	MN2_2270500	MN2_2270500	1	2270501	2270501	chr2	1.04042728710732	0.102	1
23	23	MN2_2615632	MN2_2615632	1	2615633	2615633	chr2	1.19006096274520	0.075	0.996
24	24	MASC05962	MASC05962	1	2996449	2996449	chr2	1.14756546579526	0.08	0.997
25	25	MASC05827	MASC05827	1	3052992	3052992	chr2	1.13961514694045	0.081	0.999
26	26	MASC03060	MASC03060	1	3173449	3173449	chr2	1.24748305017878	0.069	0.99
27	27	MASC05803	MASC05803	1	3531979	3531979	chr2	1.28137844858308	0.065	0.988
28	28	SGCSNP1828	SGCSNP1828	1	3785639	3785639	chr2	1.16252960092896	0.07	0.996
29	29	MASC05711	MASC05711	1	3818393	3818393	chr2	1.18851918238868	0.067	0.996
30	30	MASC05848	MASC05848	1	3933118	3933118	chr2	1.36787429089637	0.05	0.973
31	31	NMSNP2_3946439	NMSNP2_3946439	1	NA	NA	chr2	1.38298226320588	0.047	0.97
32	32	MASC05857	MASC05857	1	4263348	4263348	chr2	1.04079037649978	0.096	1
33	33	MN2_4354465	MN2_4354465	1	4354466	4354466	chr2	0.964487268536516	0.117	1
34	34	MN2_4354824	MN2_4354824	1	4354822	4354822	chr2	1.11868912174185	0.083	0.999
35	35	MASC05420	MASC05420	1	4600612	4600612	chr2	1.1692191745943	0.08	0.996
36	36	MN2_5085768	MN2_5085768	1	5085769	5085769	chr2	1.03365740633532	0.107	1
37	37	MASC05360	MASC05360	1	5186438	5186438	chr2	0.91817012291263	0.144	1
38	38	MN2_5250093	MN2_5250093	1	5250094	5250094	chr2	1.161072868768	0.076	0.996
39	39	MASC05766	MASC05766	1	5674062	5674062	chr2	1.11058098751972	0.086	0.999
40	40	NMSNP2_6032798	NMSNP2_6032798	1	NA	NA	chr2	1.21825618324342	0.066	0.993
41	41	MASC07357	MASC07357	1	6161913	6161913	chr2	1.14900515702491	0.085	0.997
42	42	MN2_6654226	MN2_6654226	1	6654228	6654228	chr2	1.06179007007744	0.097	1
43	43	MASC05757	MASC05757	1	6831344	6831344	chr2	1.09257443111110	0.086	1
44	44	MN2_7072735	MN2_7072735	1	7072737	7072737	chr2	0.95339713163741	0.115	1
45	45	MASC05443	MASC05443	1	7089311	7089311	chr2	0.912229536287076	0.131	1
46	46	NMSNP2_7150490	NMSNP2_7150490	1	NA	NA	chr2	0.807221232487898	0.16	1
47	47	MASC05484	MASC05484	1	7172479	7172479	chr2	0.710991010935448	0.2	1
48	48	MN2_7551582	MN2_7551582	1	7551584	7551584	chr2	0.692190607775414	0.208	1
49	49	MN2_7650227	MN2_7650227	1	7650229	7650229	chr2	0.736259195746173	0.185	1
50	50	FDP_22	FDP_22	1	7729169	7729169	chr2	0.667236580111531	0.208	1
51	51	FDP_354	FDP_354	1	7729501	7729501	chr2	0.647946325425516	0.213	1
52	52	FDP_733	FDP_733	1	7729880	7729880	chr2	0.981911653736003	0.103	1
53	53	FDP_896	FDP_896	1	7730041	7730041	chr2	1.09219587969196	0.073	1
54	54	FDP_2020	FDP_2020	1	7731159	7731159	chr2	1.13125993544243	0.069	0.999
55	55	MN2_7742622	MN2_7742622	1	7742623	7742623	chr2	1.06846787718181	0.09	1
56	56	MN2_8041868	MN2_8041868	1	8041869	8041869	chr2	1.15083263026781	0.068	0.997
57	57	PHYB_476	PHYB_476	1	8146424	8146424	chr2	1.17972568589982	0.066	0.996
58	58	PHYB_617	PHYB_617	1	8146565	8146565	chr2	1.14079859211016	0.074	0.998
59	59	PHYB_1645	PHYB_1645	1	8147588	8147588	chr2	1.21371207680086	0.062	0.993
60	60	PHYB_2850	PHYB_2850	1	8148793	8148793	chr2	1.16895840038487	0.071	0.996
61	61	PHYB_3060	PHYB_3060	1	8149003	8149003	chr2	1.20457066395980	0.069	0.994
62	62	PHYB_4171	PHYB_4171	1	8150114	8150114	chr2	1.22112970627959	0.067	0.993
63	63	PHYB_5215	PHYB_5215	1	8151156	8151156	chr2	1.32044140752325	0.051	0.981
64	64	MN2_8323924	MN2_8323924	1	8323925	8323925	chr2	1.3256688767688	0.053	0.98
65	65	MN2_8443352	MN2_8443352	1	8443352	8443352	chr2	1.27685180414895	0.067	0.989
66	66	FVE_1851	FVE_1851	1	8463591	8463591	chr2	1.29765573743190	0.062	0.986
67	67	MASC07330	MASC07330	1	8522337	8522337	chr2	1.20676507185125	0.067	0.994
68	68	MN2_8594369	MN2_8594369	1	8594370	8594370	chr2	1.18330104775569	0.07	0.996
69	69	MN2_8659973	MN2_8659973	1	8659974	8659974	chr2	1.12028093256744	0.083	0.999
70	70	MASC07166	MASC07166	1	8732740	8732740	chr2	1.08328533867069	0.086	1
71	71	MN2_8750048	MN2_8750048	1	8750048	8750048	chr2	1.13501147982360	0.08	0.999
72	72	MN2_8799676	MN2_8799676	1	8799677	8799677	chr2	1.18140575416004	0.073	0.996
73	73	MASC02995	MASC02995	1	8977457	8977457	chr2	1.27276712940202	0.063	0.989
74	74	MASC05584	MASC05584	1	9144043	9144043	chr2	1.52327324282405	0.039	0.92
75	75	MN2_9256094	MN2_9256094	1	9256096	9256096	chr2	1.27880362589483	0.059	0.989
76	76	MN2_9256220	MN2_9256220	1	9256222	9256222	chr2	1.62620750868213	0.02	0.883
77	77	MASC02600	MASC02600	1	9390913	9390913	chr2	1.79100537445653	0.012	0.797
78	78	MN2_9428987	MN2_9428987	1	9428988	9428988	chr2	1.50880954498686	0.025	0.926
79	79	MASC07354	MASC07354	1	9571362	9571362	chr2	1.48893616114391	0.025	0.934
80	80	SVP_88	SVP_88	1	9586217	9586217	chr2	1.51798571518398	0.025	0.922
81	81	SVP_694	SVP_694	1	9586818	9586818	chr2	1.48935474773030	0.03	0.934
82	82	SVP_993	SVP_993	1	9587116	9587116	chr2	1.43707893487512	0.032	0.959
83	83	SVP_3403	SVP_3403	1	9589518	9589518	chr2	1.32212678721923	0.038	0.981
84	84	SVP_4824	SVP_4824	1	9590921	9590921	chr2	1.16297871223049	0.069	0.996
85	85	MN2_9653239	MN2_9653239	1	9653240	9653240	chr2	1.26015020712022	0.049	0.99
86	86	MASC02928	MASC02928	1	9759616	9759616	chr2	1.45828940660292	0.029	0.951
87	87	MASC03019	MASC03019	1	9907424	9907424	chr2	1.49722247589044	0.03	0.931
88	88	MN2_10134400	MN2_10134400	1	10134401	10134401	chr2	1.78548336664785	0.015	0.801
89	89	MN2_10249407	MN2_10249407	1	10249408	10249408	chr2	1.68609831626993	0.02	0.856
90	90	MN2_10566684	MN2_10566684	1	10566672	10566672	chr2	1.7766906913492	0.022	0.807
91	91	MN2_10799937	MN2_10799937	1	10799936	10799936	chr2	1.84444069669709	0.019	0.762
92	92	MN2_10900221	MN2_10900221	1	10900222	10900222	chr2	1.91008855264582	0.019	0.722
93	93	MASC02949	MASC02949	1	10940331	10940331	chr2	1.77433047453113	0.02	0.809
94	94	MAX1_26	MAX1_26	1	11149688	11149688	chr2	1.9810091181176	0.015	0.675
95	95	MAX1_402	MAX1_402	1	11150064	11150064	chr2	1.97219287429438	0.014	0.678
96	96	MAX1_657	MAX1_657	1	11150319	11150319	chr2	1.99176134372846	0.012	0.671
97	97	MASC05927	MASC05927	1	11174979	11174979	chr2	2.03056701960136	0.013	0.643
98	98	MASC05920	MASC05920	1	11206822	11206822	chr2	2.11414690303154	0.011	0.597
99	99	ER_472	ER_472	1	11215620	11215620	chr2	2.05452289543738	0.011	0.628
100	100	MN2_11300378	MN2_11300378	1	11300373	11300373	chr2	2.10384677320604	0.01	0.601
101	101	MASC06116	MASC06116	1	11331465	11331465	chr2	1.96037170319628	0.016	0.685
102	102	MASC09221	MASC09221	1	11431844	11431844	chr2	2.07596093153697	0.011	0.618
103	103	MN2_11457357	MN2_11457357	1	11457345	11457345	chr2	2.20741157259343	0.006	0.548
104	104	MASC05372	MASC05372	1	11486592	11486592	chr2	2.19793616222191	0.009	0.557
105	105	MASC02863	MASC02863	1	11547874	11547874	chr2	2.19638726600500	0.007	0.557
106	106	MN2_11564603	MN2_11564603	1	11564605	11564605	chr2	2.13301133009052	0.009	0.588
107	107	MN2_11595170	MN2_11595170	1	11595111	11595111	chr2	2.08169877572107	0.008	0.613
108	108	MN2_11691452	MN2_11691452	1	11691453	11691453	chr2	2.29204142689461	0.005	0.498
109	109	MASC05327	MASC05327	1	11736431	11736431	chr2	2.06677252970625	0.011	0.622
110	110	ATC_828	ATC_828	1	11780160	11780160	chr2	1.84381224448218	0.022	0.763
111	111	ATC_1679	ATC_1679	1	11781007	11781007	chr2	1.85570529124741	0.021	0.756
112	112	ATC_2596	ATC_2596	1	11781922	11781922	chr2	2.21478509513673	0.01	0.541
113	113	MASC00349	MASC00349	1	11824799	11824799	chr2	1.52341487649953	0.035	0.919
114	114	MN2_12187411	MN2_12187411	1	12187412	12187412	chr2	1.7844653951703	0.019	0.802
115	115	MN2_12296907	MN2_12296907	1	12296908	12296908	chr2	1.50797041461672	0.036	0.926
116	116	MN2_12435349	MN2_12435349	1	12435349	12435349	chr2	1.45782153565472	0.039	0.951
117	117	MASC07284	MASC07284	1	12619886	12619886	chr2	1.49825881912310	0.04	0.931
118	118	MN2_12655100	MN2_12655100	1	12655102	12655102	chr2	1.58196468998303	0.035	0.903
119	119	MASC02492	MASC02492	1	12764382	12764382	chr2	1.78248408424178	0.017	0.803
120	120	MASC02787	MASC02787	1	12981812	12981812	chr2	1.82416064488769	0.018	0.773
121	121	MN2_13090443	MN2_13090443	1	13090444	13090444	chr2	1.63512725247166	0.026	0.878
122	122	MN2_13201786	MN2_13201786	1	13201788	13201788	chr2	1.46541445297953	0.035	0.948
123	123	MN2_13265590	MN2_13265590	1	13265591	13265591	chr2	1.50601128283956	0.032	0.927
124	124	MASC05434	MASC05434	1	13296782	13296782	chr2	1.42932353072854	0.037	0.96
125	125	MN2_13326105	MN2_13326105	1	13326106	13326106	chr2	1.37474593497425	0.04	0.971
126	126	MN2_13326473	MN2_13326473	1	13326475	13326475	chr2	1.46343339487505	0.032	0.948
127	127	MN2_13471565	MN2_13471565	1	13471566	13471566	chr2	1.49683232423469	0.028	0.932
128	128	MN2_13605144	MN2_13605144	1	13605145	13605145	chr2	1.44163763115168	0.033	0.958
129	129	MN2_13756416	MN2_13756416	1	13756417	13756417	chr2	1.41160916733749	0.042	0.966
130	130	MASC02512	MASC02512	1	13790015	13790015	chr2	1.14857305450161	0.076	0.997
131	131	MASC02971	MASC02971	1	13986387	13986387	chr2	1.02823927546047	0.093	1
132	132	MN2_14003409	MN2_14003409	1	14003410	14003410	chr2	0.918952112536574	0.112	1
133	133	MASC00585	MASC00585	1	14043647	14043647	chr2	0.872514207847696	0.132	1
134	134	SAR1_280	SAR1_280	1	14051279	14051279	chr2	0.87325038742842	0.137	1
135	135	SAR1_183	SAR1_183	1	14051376	14051376	chr2	0.846402938399577	0.151	1
136	136	MASC06798	MASC06798	1	14316720	14316720	chr2	0.77801237087522	0.177	1
137	137	FES1_3177	FES1_3177	1	14318911	14318911	chr2	0.77674796742588	0.179	1
138	138	FES1_2930	FES1_2930	1	14319158	14319158	chr2	0.775430888939773	0.18	1
139	139	FES1_1877	FES1_1877	1	14320211	14320211	chr2	0.770283418562641	0.179	1
140	140	FES1_1177	FES1_1177	1	14320911	14320911	chr2	0.69370399263641	0.21	1
141	141	MN2_14350717	MN2_14350717	1	14350718	14350718	chr2	0.683575474234644	0.212	1
142	142	MASC05841	MASC05841	1	14367864	14367864	chr2	0.684954499739091	0.212	1
143	143	MASC09222	MASC09222	1	14382486	14382486	chr2	0.581428103287212	0.268	1
144	144	MN2_14406873	MN2_14406873	1	14406871	14406871	chr2	0.549577139336126	0.29	1
145	145	MN2_14407001	MN2_14407001	1	14407003	14407003	chr2	0.609660368054915	0.251	1
146	146	MN2_14583090	MN2_14583090	1	14583091	14583091	chr2	0.522782923231121	0.299	1
147	147	NMSNP2_14697188	NMSNP2_14697188	1	NA	NA	chr2	0.567947865119094	0.283	1
148	148	MN2_14801460	MN2_14801460	1	14801461	14801461	chr2	0.532458291267962	0.3	1
149	149	MASC06034	MASC06034	1	14943401	14943401	chr2	0.591575005742245	0.275	1
150	150	MN2_14949589	MN2_14949589	1	14949575	14949575	chr2	0.701707763270287	0.204	1
151	151	MN2_15251700	MN2_15251700	1	15251701	15251701	chr2	0.804947806732484	0.153	1
152	152	MASC05384	MASC05384	1	15400219	15400219	chr2	1.01156155334256	0.104	1
153	153	RAX2_405	RAX2_405	1	15494202	15494202	chr2	1.03004029430821	0.098	1
154	154	MN2_15565512	MN2_15565512	1	15565513	15565513	chr2	0.797816932218752	0.159	1
155	155	MASC05402	MASC05402	1	15782832	15782832	chr2	1.38287092953792	0.041	0.97
156	156	MASC05385	MASC05385	1	15782990	15782990	chr2	0.790376781219884	0.162	1
157	157	MN2_15801493	MN2_15801493	1	15801495	15801495	chr2	0.500553671764156	0.317	1
158	158	MN2_16080260	MN2_16080260	1	16080261	16080261	chr2	0.503904904937109	0.309	1
159	159	MASC02232	MASC02232	1	16310862	16310862	chr2	0.500955166701368	0.316	1
160	160	MN2_16352463	MN2_16352463	1	16352464	16352464	chr2	0.482339521098519	0.322	1
161	161	MN2_16437489	MN2_16437489	1	16437490	16437490	chr2	0.374858522913357	0.414	1
162	162	MN2_16487410	MN2_16487410	1	16487411	16487411	chr2	0.387475531107189	0.405	1
163	163	MASC06077	MASC06077	1	16619473	16619473	chr2	0.321612004293025	0.466	1
164	164	HOS1_1176	HOS1_1176	1	16620610	16620610	chr2	0.344095419306641	0.443	1
165	165	HOS1_1788	HOS1_1788	1	16621172	16621172	chr2	0.370567808113026	0.413	1
166	166	HOS1_5516	HOS1_5516	1	16624899	16624899	chr2	0.38250834834512	0.398	1
167	167	HOS1_5595	HOS1_5595	1	16624976	16624976	chr2	0.337198770928844	0.446	1
168	168	HOS1_5954	HOS1_5954	1	16625334	16625334	chr2	0.361954720658242	0.422	1
169	169	MN2_16684166	MN2_16684166	1	16684167	16684167	chr2	0.346060224405872	0.436	1
170	170	MN2_16837474	MN2_16837474	1	16837475	16837475	chr2	0.313430632769445	0.472	1
171	171	MASC02930	MASC02930	1	16865598	16865598	chr2	0.291423951682778	0.496	1
172	172	MASC06022	MASC06022	1	16893586	16893586	chr2	0.261727167212966	0.533	1
173	173	NMSNP2_16908351	NMSNP2_16908351	1	NA	NA	chr2	0.282398000069515	0.506	1
174	174	MN2_17051422	MN2_17051422	1	17051423	17051423	chr2	0.263161463647840	0.52	1
175	175	MASC02158	MASC02158	1	17121587	17121587	chr2	0.332311643337861	0.449	1
176	176	MN2_17304379	MN2_17304379	1	17304380	17304380	chr2	0.346394758939172	0.439	1
177	177	MN2_17606148	MN2_17606148	1	17606149	17606149	chr2	0.490574960814686	0.321	1
178	178	MN2_17656418	MN2_17656418	1	17656415	17656415	chr2	0.463351139875165	0.352	1
179	179	MAX2_67	MAX2_67	1	17763987	17763987	chr2	0.551635844450218	0.276	1
180	180	MAX2_216	MAX2_216	1	17764136	17764136	chr2	0.516788190068336	0.297	1
181	181	MAX2_582	MAX2_582	1	17764502	17764502	chr2	0.491502292422075	0.317	1
182	182	MAX2_752	MAX2_752	1	17764672	17764672	chr2	0.447699443268468	0.355	1
183	183	MN2_17792406	MN2_17792406	1	17792397	17792397	chr2	0.488332110021761	0.321	1
184	184	MN2_17844494	MN2_17844494	1	17844478	17844478	chr2	0.511995421352684	0.3	1
185	185	MN2_17860020	MN2_17860020	1	17860021	17860021	chr2	0.516174217920875	0.299	1
186	186	MN2_17899626	MN2_17899626	1	17899627	17899627	chr2	0.73695673186803	0.177	1
187	187	MASC02020	MASC02020	1	17998875	17998875	chr2	0.861494829083928	0.124	1
188	188	NMSNP2_18004250	NMSNP2_18004250	1	NA	NA	chr2	1.05602068919563	0.075	1
189	189	MN2_18034146	MN2_18034146	1	18034147	18034147	chr2	1.04509597694471	0.083	1
190	190	MASC03046	MASC03046	1	18344240	18344240	chr2	1.48512883099791	0.029	0.938
191	191	MN2_18402190	MN2_18402190	1	18402147	18402147	chr2	1.14879903187065	0.062	0.997
192	192	MAX3_67	MAX3_67	1	18566080	18566080	chr2	1.14615351962645	0.06	0.998
193	193	MAX3_141	MAX3_141	1	18566154	18566154	chr2	1.03741498088950	0.082	1
194	194	MN2_18603109	MN2_18603109	1	18603109	18603109	chr2	0.959094324638071	0.104	1
195	195	MN2_18701292	MN2_18701292	1	18701292	18701292	chr2	1.03405587230367	0.084	1
196	196	MN2_18753024	MN2_18753024	1	18753025	18753025	chr2	1.04239484528851	0.084	1
197	197	SOC1_2890	SOC1_2890	1	18816351	18816351	chr2	1.15627140578333	0.062	0.997
198	198	SOC1_2742	SOC1_2742	1	18816498	18816498	chr2	0.865965331650539	0.139	1
199	199	SOC1_2480	SOC1_2480	1	18816760	18816760	chr2	0.810696187098953	0.15	1
200	200	SOC1_1594	SOC1_1594	1	18817641	18817641	chr2	0.804281463830428	0.149	1
201	201	SOC1_1494	SOC1_1494	1	18817741	18817741	chr2	0.745136876925997	0.166	1
202	202	SOC1_651	SOC1_651	1	18818582	18818582	chr2	0.736343149173312	0.17	1
203	203	SOC1_461	SOC1_461	1	18818770	18818770	chr2	0.813045463143114	0.145	1
204	204	MN2_18954429	MN2_18954429	1	18954430	18954430	chr2	0.825130421346881	0.138	1
205	205	MASC06044	MASC06044	1	18975732	18975732	chr2	0.830999767942172	0.14	1
206	206	MN2_18986211	MN2_18986211	1	18986201	18986201	chr2	0.881262604480984	0.127	1
207	207	MN2_19104250	MN2_19104250	1	19104251	19104251	chr2	0.915530030930009	0.118	1
208	208	MN2_19253011	MN2_19253011	1	19253006	19253006	chr2	0.927706954323784	0.113	1
209	209	MN2_19504653	MN2_19504653	1	19504654	19504654	chr2	0.901946522381905	0.129	1
210	210	MN2_19602061	MN2_19602061	1	19602061	19602061	chr2	0.932095867738086	0.122	1
1	1	MASC03898	MASC03898	1	276923	276923	chr3	2.11733884358698	0.006	0.597
2	2	NMSNP3_297894	NMSNP3_297894	1	NA	NA	chr3	1.67668363947605	0.028	0.86
3	3	MN3_580517	MN3_580517	1	580519	580519	chr3	1.54472765015928	0.033	0.915
4	4	MN3_691072	MN3_691072	1	691073	691073	chr3	1.58320757352699	0.028	0.901
5	5	RGL2_3396	RGL2_3396	1	819043	819043	chr3	1.71191897739727	0.021	0.843
6	6	RGL2_3255	RGL2_3255	1	819167	819167	chr3	1.51629306634352	0.035	0.922
7	7	RGL2_2959	RGL2_2959	1	819463	819463	chr3	1.56036721929833	0.035	0.914
8	8	RGL2_2115	RGL2_2115	1	820307	820307	chr3	1.79497215302795	0.018	0.795
9	9	RGL2_617	RGL2_617	1	821805	821805	chr3	1.32786447504376	0.058	0.98
10	10	MN3_965032	MN3_965032	1	965033	965033	chr3	1.24156426370529	0.07	0.991
11	11	MASC03001	MASC03001	1	971411	971411	chr3	1.32805071270328	0.057	0.98
12	12	FLK_2200	FLK_2200	1	1253530	1253530	chr3	1.00040395446866	0.105	1
13	13	FLK_1526	FLK_1526	1	1254204	1254204	chr3	0.999585023834502	0.105	1
14	14	FLK_958	FLK_958	1	1254771	1254771	chr3	1.05386740516405	0.093	1
15	15	MN3_1271206	MN3_1271206	1	1271204	1271204	chr3	1.46023311705181	0.04	0.949
16	16	GAr2_1349	GAr2_1349	1	1430779	1430779	chr3	1.53198135656781	0.032	0.917
17	17	NMSNP3_1638652	NMSNP3_1638652	1	NA	NA	chr3	1.36379467976223	0.04	0.974
18	18	NMSNP3_1689583	NMSNP3_1689583	1	NA	NA	chr3	1.26004247649571	0.055	0.99
19	19	MASC00175	MASC00175	1	1742714	1742714	chr3	1.37673923686934	0.04	0.97
20	20	MN3_1803905	MN3_1803905	1	1803906	1803906	chr3	1.72763107049183	0.019	0.83
21	21	NMSNP3_2216922	NMSNP3_2216922	1	NA	NA	chr3	2.00817951089880	0.012	0.658
22	22	MN3_2232003	MN3_2232003	1	2232005	2232005	chr3	2.06134102462049	0.008	0.625
23	23	MN3_2232935	MN3_2232935	1	2232934	2232934	chr3	2.25302868666822	0.004	0.521
24	24	MN3_2236560	MN3_2236560	1	2236561	2236561	chr3	2.48265134193769	0	0.381
25	25	MN3_2236721	MN3_2236721	1	2236723	2236723	chr3	2.54842977140172	0	0.349
26	26	MN3_2485350	MN3_2485350	1	2485351	2485351	chr3	2.59722048589811	0.002	0.326
27	27	MN3_2565035	MN3_2565035	1	2565036	2565036	chr3	2.76117741490137	0	0.252
28	28	MN3_2770433	MN3_2770433	1	2770434	2770434	chr3	2.85760438911662	0	0.206
29	29	MASC07180	MASC07180	1	2903325	2903325	chr3	2.82034967554761	0.001	0.227
30	30	MN3_2967877	MN3_2967877	1	2967878	2967878	chr3	2.95487248821436	0	0.178
31	31	MN3_3344789	MN3_3344789	1	3344790	3344790	chr3	3.25163487116961	0	0.111
32	32	MASC03344	MASC03344	1	3463237	3463237	chr3	2.94012994496381	0.001	0.181
33	33	MASC00560	MASC00560	1	3578605	3578605	chr3	2.70966457773895	0.002	0.273
34	34	MASC00564	MASC00564	1	3580022	3580022	chr3	3.13587787600269	0	0.134
35	35	MN3_3610522	MN3_3610522	1	3610522	3610522	chr3	3.75454371746755	0	0.044
36	36	SPY_1453	SPY_1453	1	3632334	3632334	chr3	3.62136731589192	0	0.056
37	37	SPY_3013	SPY_3013	1	3633894	3633894	chr3	3.58266530686443	0	0.06
38	38	SPY_5334	SPY_5334	1	3636215	3636215	chr3	3.37867171301386	0	0.089
39	39	MN3_3679292	MN3_3679292	1	3679293	3679293	chr3	3.54344299686001	0	0.069
40	40	MN3_3679541	MN3_3679541	1	3679542	3679542	chr3	3.01954206304599	0	0.156
41	41	MN3_3895975	MN3_3895975	1	3895976	3895976	chr3	3.0505958941627	0	0.148
42	42	MN3_3991983	MN3_3991983	1	3991984	3991984	chr3	3.03106765877185	0.001	0.153
43	43	PIE1_701	PIE1_701	1	4065480	4065480	chr3	2.93914796577615	0.002	0.181
44	44	PIE1_898	PIE1_898	1	4065677	4065677	chr3	2.80720514235774	0.004	0.235
45	45	PIE1_1867	PIE1_1867	1	4066644	4066644	chr3	2.79687806003801	0.004	0.24
46	46	PIE1_5824	PIE1_5824	1	4070600	4070600	chr3	2.82212510538296	0.002	0.227
47	47	PIE1_7118	PIE1_7118	1	4071894	4071894	chr3	2.91669543452458	0.001	0.188
48	48	PIE1_8627	PIE1_8627	1	4073403	4073403	chr3	2.89178046289834	0.001	0.197
49	49	PIE1_9146	PIE1_9146	1	4073919	4073919	chr3	3.00936067531044	0.001	0.159
50	50	MN3_4141103	MN3_4141103	1	4141104	4141104	chr3	3.00620468425967	0	0.161
51	51	MN3_4194859	MN3_4194859	1	4194860	4194860	chr3	3.21312107958097	0	0.119
52	52	MASC04486	MASC04486	1	4237510	4237510	chr3	3.21431770739694	0.001	0.118
53	53	MN3_4305074	MN3_4305074	1	4305075	4305075	chr3	3.19587711027746	0.001	0.121
54	54	MN3_4356066	MN3_4356066	1	4356067	4356067	chr3	3.28627975275529	0.001	0.105
55	55	MN3_4470311	MN3_4470311	1	4470312	4470312	chr3	3.37205683234025	0	0.09
56	56	MN3_4591414	MN3_4591414	1	4591415	4591415	chr3	3.46869806917192	0.001	0.077
57	57	MASC02947	MASC02947	1	4625772	4625772	chr3	3.45733036854682	0.002	0.079
58	58	MASC01400	MASC01400	1	4738893	4738893	chr3	3.3697122246333	0.002	0.091
59	59	MASC04507	MASC04507	1	4823158	4823158	chr3	3.40663902475074	0.001	0.083
60	60	NMSNP3_4991903	NMSNP3_4991903	1	NA	NA	chr3	3.38785044171227	0.002	0.088
61	61	NMSNP3_5091855	NMSNP3_5091855	1	NA	NA	chr3	3.15713374021626	0.002	0.13
62	62	MN3_5210480	MN3_5210480	1	5210481	5210481	chr3	3.0166464022579	0.002	0.156
63	63	MN3_5299949	MN3_5299949	1	5299950	5299950	chr3	3.1760231161265	0.002	0.124
64	64	MN3_5440626	MN3_5440626	1	5440627	5440627	chr3	3.17424202565637	0.002	0.125
65	65	MASC04409	MASC04409	1	5608005	5608005	chr3	3.04709200745518	0.001	0.148
66	66	MN3_5640301	MN3_5640301	1	5640302	5640302	chr3	3.04724835364851	0.001	0.148
67	67	MN3_5749951	MN3_5749951	1	5749952	5749952	chr3	2.77222400700224	0.001	0.246
68	68	MN3_5910420	MN3_5910420	1	5910421	5910421	chr3	2.60037356178622	0.003	0.326
69	69	MASC01537	MASC01537	1	6192392	6192392	chr3	2.57484404499701	0.003	0.335
70	70	MN3_6240600	MN3_6240600	1	6240601	6240601	chr3	2.53692587684025	0.003	0.356
71	71	MASC01747	MASC01747	1	6312588	6312588	chr3	2.52526346403894	0.003	0.359
72	72	MN3_6450403	MN3_6450403	1	6450404	6450404	chr3	2.47214334955700	0.003	0.387
73	73	MASC04279	MASC04279	1	6536035	6536035	chr3	2.49563111980561	0.004	0.376
74	74	MASC04295	MASC04295	1	6563040	6563040	chr3	2.39511171751267	0.005	0.441
75	75	MN3_6811299	MN3_6811299	1	6811300	6811300	chr3	2.27430639821385	0.006	0.509
76	76	MN3_6890804	MN3_6890804	1	6890805	6890805	chr3	2.20944777799919	0.008	0.547
77	77	MASC02637	MASC02637	1	6996123	6996123	chr3	2.28222728479761	0.006	0.505
78	78	MN3_7120942	MN3_7120942	1	7120943	7120943	chr3	2.03661922204195	0.008	0.636
79	79	MN3_7225496	MN3_7225496	1	7225497	7225497	chr3	2.21415357298016	0.005	0.541
80	80	MN3_7392098	MN3_7392098	1	7392099	7392099	chr3	2.16914489883059	0.006	0.568
81	81	MASC01568	MASC01568	1	7413260	7413260	chr3	2.23574669442116	0.006	0.531
82	82	MASC01672	MASC01672	1	7451911	7451911	chr3	1.84790762091043	0.013	0.762
83	83	MASC02447	MASC02447	1	7564208	7564208	chr3	1.60598776766138	0.023	0.894
84	84	MN3_7590615	MN3_7590615	1	7590616	7590616	chr3	1.56926670271260	0.032	0.912
85	85	MASC01373	MASC01373	1	7796265	7796265	chr3	2.11335339984443	0.009	0.599
86	86	MN3_7842354	MN3_7842354	1	7842355	7842355	chr3	1.54673115437195	0.038	0.915
87	87	MN3_7917701	MN3_7917701	1	7917702	7917702	chr3	1.43204043788977	0.046	0.96
88	88	NMSNP3_7976242	NMSNP3_7976242	1	NA	NA	chr3	1.28950171718708	0.057	0.986
89	89	NMSNP3_8041859	NMSNP3_8041859	1	NA	NA	chr3	0.972115128559615	0.11	1
90	90	MN3_8042142	MN3_8042142	1	8042143	8042143	chr3	1.10617969286149	0.084	0.999
91	91	MASC04053	MASC04053	1	8100142	8100142	chr3	1.06998469483066	0.095	1
92	92	MN3_8118135	MN3_8118135	1	8118137	8118137	chr3	1.07735093140516	0.092	1
93	93	MN3_8190264	MN3_8190264	1	8190265	8190265	chr3	1.08920839581640	0.091	1
94	94	AXR2_486	AXR2_486	1	8196108	8196108	chr3	1.05607961548669	0.092	1
95	95	MASC04302	MASC04302	1	8241601	8241601	chr3	0.963630697867785	0.119	1
96	96	NMSNP3_8447967	NMSNP3_8447967	1	NA	NA	chr3	0.877887986564592	0.146	1
97	97	MN3_8448466	MN3_8448466	1	8448467	8448467	chr3	0.834612346033175	0.161	1
98	98	MASC02733	MASC02733	1	8460299	8460299	chr3	0.826426113943124	0.161	1
99	99	MN3_8535358	MN3_8535358	1	8535359	8535359	chr3	0.832260620344324	0.165	1
100	100	MASC00324	MASC00324	1	8643724	8643724	chr3	0.815940545257238	0.17	1
101	101	MN3_8693286	MN3_8693286	1	8693287	8693287	chr3	0.946869918707436	0.124	1
102	102	MN3_8693523	MN3_8693523	1	8693525	8693525	chr3	0.968194099190572	0.113	1
103	103	MN3_8828575	MN3_8828575	1	8828576	8828576	chr3	0.929148624580422	0.124	1
104	104	MN3_8971383	MN3_8971383	1	8971365	8971365	chr3	0.985968490774984	0.11	1
105	105	MASC04510	MASC04510	1	8980047	8980047	chr3	1.09282111226636	0.086	1
106	106	MASC04560	MASC04560	1	9025008	9025008	chr3	0.959450175467183	0.122	1
107	107	MASC04498	MASC04498	1	9184731	9184731	chr3	0.990861837056617	0.121	1
108	108	MN3_9279089	MN3_9279089	1	9279090	9279090	chr3	0.959831009117347	0.131	1
109	109	MN3_9342356	MN3_9342356	1	9342358	9342358	chr3	0.995738187884726	0.116	1
110	110	MN3_9547648	MN3_9547648	1	9547647	9547647	chr3	1.05177837726045	0.101	1
111	111	MASC01287	MASC01287	1	9724200	9724200	chr3	1.02653371173355	0.1	1
112	112	MN3_9747529	MN3_9747529	1	9747531	9747531	chr3	1.11477749712365	0.088	0.999
113	113	MASC01390	MASC01390	1	9829261	9829261	chr3	1.07769347454350	0.096	1
114	114	MASC04523	MASC04523	1	9944728	9944728	chr3	1.16944558251701	0.082	0.996
115	115	MN3_10055595	MN3_10055595	1	10055596	10055596	chr3	1.17888205695515	0.078	0.996
116	116	MN3_10142705	MN3_10142705	1	10142707	10142707	chr3	1.07013396428463	0.098	1
117	117	MASC01072	MASC01072	1	10143128	10143128	chr3	1.05715455219059	0.097	1
118	118	MASC01048	MASC01048	1	10326201	10326201	chr3	1.13290047903707	0.079	0.999
119	119	MN3_10363610	MN3_10363610	1	10363612	10363612	chr3	1.32300840225793	0.051	0.981
120	120	MN3_10382169	MN3_10382169	1	10382170	10382170	chr3	1.22807831691487	0.06	0.991
121	121	MN3_10382626	MN3_10382626	1	10382627	10382627	chr3	0.963082154538538	0.127	1
122	122	MASC02770	MASC02770	1	10625652	10625652	chr3	0.816100535993608	0.179	1
123	123	MN3_10790631	MN3_10790631	1	10790633	10790633	chr3	0.99022262469292	0.123	1
124	124	MN3_10790732	MN3_10790732	1	10790733	10790733	chr3	0.785074761720337	0.183	1
125	125	MASC01098	MASC01098	1	10970472	10970472	chr3	0.831385491513828	0.162	1
126	126	NMSNP3_10995664	NMSNP3_10995664	1	NA	NA	chr3	0.74217385104273	0.202	1
127	127	MN3_11097848	MN3_11097848	1	11097850	11097850	chr3	0.634257340419479	0.252	1
128	128	MN3_11190184	MN3_11190184	1	11190185	11190185	chr3	0.559576295906906	0.291	1
129	129	MN3_11192189	MN3_11192189	1	11192191	11192191	chr3	0.456459124755953	0.363	1
130	130	MN3_11293349	MN3_11293349	1	11293350	11293350	chr3	0.501738407727375	0.335	1
131	131	MN3_11398208	MN3_11398208	1	11398208	11398208	chr3	0.541807879901957	0.308	1
132	132	MASC04519	MASC04519	1	11543094	11543094	chr3	0.565104673861335	0.297	1
133	133	SGCSNP4309	SGCSNP4309	1	11675966	11675966	chr3	0.560052421419332	0.298	1
134	134	MASC02222	MASC02222	1	11979975	11979975	chr3	0.67396807462722	0.24	1
135	135	MN3_12044914	MN3_12044914	1	12044913	12044913	chr3	0.657975009887814	0.241	1
136	136	MN3_12348963	MN3_12348963	1	12348964	12348964	chr3	0.68321763619238	0.221	1
137	137	MASC04262	MASC04262	1	12491867	12491867	chr3	0.707693482227169	0.204	1
138	138	NMSNP3_12647157	NMSNP3_12647157	1	NA	NA	chr3	0.728073752447149	0.205	1
139	139	NMSNP3_12647572	NMSNP3_12647572	1	NA	NA	chr3	0.679751928046772	0.232	1
140	140	MN3_13148284	MN3_13148284	1	13148285	13148285	chr3	0.696870029599283	0.219	1
141	141	MASC07409	MASC07409	1	14239679	14239679	chr3	0.895545335248286	0.144	1
142	142	MASC05049	MASC05049	1	14315654	14315654	chr3	0.976176539229327	0.118	1
143	143	NMSNP3_14333132	NMSNP3_14333132	1	NA	NA	chr3	1.02660447296155	0.106	1
144	144	NMSNP3_14333216	NMSNP3_14333216	1	NA	NA	chr3	0.74102362294102	0.199	1
145	145	NMSNP3_15028196	NMSNP3_15028196	1	NA	NA	chr3	0.878984338895305	0.136	1
146	146	MN3_15233489	MN3_15233489	1	15233484	15233484	chr3	0.947914152768608	0.117	1
147	147	MN3_15328754	MN3_15328754	1	15328755	15328755	chr3	0.976565766175834	0.112	1
148	148	MN3_15679400	MN3_15679400	1	15679402	15679402	chr3	0.977540155829324	0.113	1
149	149	MN3_15679799	MN3_15679799	1	15679797	15679797	chr3	0.835834960358179	0.157	1
150	150	MN3_15771965	MN3_15771965	1	15771945	15771945	chr3	0.972176477556506	0.113	1
151	151	MN3_15880080	MN3_15880080	1	15880081	15880081	chr3	1.15619069580602	0.073	0.997
152	152	MN3_15977654	MN3_15977654	1	15977622	15977622	chr3	1.26072373306127	0.062	0.99
153	153	MASC04630	MASC04630	1	15996748	15996748	chr3	1.43161086362857	0.044	0.96
154	154	MASC07090	MASC07090	1	16174869	16174869	chr3	1.35062211144282	0.048	0.978
155	155	MN3_16176877	MN3_16176877	1	16176879	16176879	chr3	1.27918844945578	0.062	0.989
156	156	MASC05163	MASC05163	1	16359177	16359177	chr3	1.38854415304890	0.052	0.97
157	157	MN3_16489672	MN3_16489672	1	16489674	16489674	chr3	1.51132987506004	0.035	0.924
158	158	NMSNP3_16553703	NMSNP3_16553703	1	NA	NA	chr3	1.54380584129506	0.031	0.915
159	159	MN3_16608234	MN3_16608234	1	16608235	16608235	chr3	1.53599390549380	0.036	0.917
160	160	MN3_16608317	MN3_16608317	1	16608319	16608319	chr3	1.63928613907610	0.029	0.875
161	161	MN3_16608615	MN3_16608615	1	16608592	16608592	chr3	1.48746686060952	0.038	0.934
162	162	MASC01148	MASC01148	1	16633499	16633499	chr3	1.52264318699319	0.034	0.92
163	163	PERL0600049	PERL0600049	1	16676777	16676777	chr3	1.48171335012681	0.039	0.938
164	164	MN3_16676939	MN3_16676939	1	16676941	16676941	chr3	1.59591830621831	0.029	0.899
165	165	PERL0600074	PERL0600074	1	16677685	16677685	chr3	2.26307945793408	0.01	0.516
166	166	MN3_17166362	MN3_17166362	1	17166363	17166363	chr3	3.32115342597104	0.002	0.097
167	167	NMSNP3_17381469	NMSNP3_17381469	1	NA	NA	chr3	3.50160282755767	0.002	0.075
168	168	MASC00948	MASC00948	1	17432692	17432692	chr3	4.07406479157004	0.001	0.021
169	169	MASC07256	MASC07256	1	17449004	17449004	chr3	4.19240201460063	0	0.016
170	170	MASC03166	MASC03166	1	17585068	17585068	chr3	4.32753049797493	0	0.01
171	171	MASC03175	MASC03175	1	17585344	17585344	chr3	4.2942687451279	0	0.011
172	172	MASC09041	MASC09041	1	17648410	17648410	chr3	4.017936434037	0	0.023
173	173	MASC07226	MASC07226	1	17650538	17650538	chr3	4.02061941594616	0	0.023
174	174	MN3_17766901	MN3_17766901	1	17766901	17766901	chr3	3.76996340700261	0	0.041
175	175	MN3_17767232	MN3_17767232	1	17767234	17767234	chr3	3.82984728611426	0	0.035
176	176	NMSNP3_17882342	NMSNP3_17882342	1	NA	NA	chr3	3.92555697253886	0	0.028
177	177	SGCSNP6012	SGCSNP6012	1	18110523	18110523	chr3	3.71244255522478	0	0.046
178	178	BKN7185	BKN7185	1	18274517	18274517	chr3	3.63936884370483	0	0.055
179	179	NMSNP3_18379643	NMSNP3_18379643	1	NA	NA	chr3	3.61716812977483	0	0.057
180	180	NMSNP3_18379818	NMSNP3_18379818	1	NA	NA	chr3	3.75520757851034	0	0.044
181	181	RAX3_419	RAX3_419	1	18439865	18439865	chr3	3.71896778871542	0	0.046
182	182	MN3_18510255	MN3_18510255	1	18510256	18510256	chr3	3.5028888888544	0.002	0.075
183	183	MASC03176	MASC03176	1	18512197	18512197	chr3	3.76935837156987	0	0.041
184	184	MASC09224	MASC09224	1	18512452	18512452	chr3	3.92034106170539	0	0.028
185	185	MN3_18590814	MN3_18590814	1	18590816	18590816	chr3	4.29826413065526	0	0.011
186	186	MASC01820	MASC01820	1	18903208	18903208	chr3	4.42242260292195	0	0.008
187	187	MASC02769	MASC02769	1	18980147	18980147	chr3	4.23153357119312	0	0.013
188	188	NMSNP3_18980664	NMSNP3_18980664	1	NA	NA	chr3	4.14564209160448	0	0.018
189	189	MN3_19077245	MN3_19077245	1	19077246	19077246	chr3	4.18941767105712	0	0.016
190	190	MN3_19179085	MN3_19179085	1	19179084	19179084	chr3	4.2259795110368	0	0.013
191	191	MN3_19283177	MN3_19283177	1	19283178	19283178	chr3	3.99133341851412	0	0.025
192	192	MN3_19533632	MN3_19533632	1	19533633	19533633	chr3	3.80755064408618	0.001	0.037
193	193	NMSNP3_19627883	NMSNP3_19627883	1	NA	NA	chr3	3.63613337518503	0.001	0.056
194	194	MASC02507	MASC02507	1	19691513	19691513	chr3	3.68001319915972	0.001	0.051
195	195	MN3_19725553	MN3_19725553	1	19725555	19725555	chr3	3.39968534031452	0.001	0.086
196	196	MASC04031	MASC04031	1	19809333	19809333	chr3	3.36031400432121	0.002	0.091
197	197	MASC01006	MASC01006	1	19816305	19816305	chr3	3.367359246269	0.002	0.091
198	198	MN3_19831791	MN3_19831791	1	19831792	19831792	chr3	3.52128986992125	0.001	0.071
199	199	NMSNP3_19831941	NMSNP3_19831941	1	NA	NA	chr3	3.46497580221879	0.001	0.077
200	200	MASC03218	MASC03218	1	19875942	19875942	chr3	3.36916095101376	0.001	0.091
201	201	MASC04039	MASC04039	1	19910715	19910715	chr3	3.03224823822569	0.003	0.152
202	202	MASC07178	MASC07178	1	19924816	19924816	chr3	2.87674712488734	0.004	0.201
203	203	MN3_20027994	MN3_20027994	1	20027995	20027995	chr3	2.85141170866431	0.005	0.208
204	204	MN3_20028297	MN3_20028297	1	20028298	20028298	chr3	2.69100738093920	0.005	0.285
205	205	MASC04671	MASC04671	1	20137867	20137867	chr3	2.65631750807719	0.005	0.305
206	206	AMP1_458	AMP1_458	1	20267916	20267916	chr3	2.3386821405966	0.006	0.465
207	207	MASC04739	MASC04739	1	20398532	20398532	chr3	1.59007849004984	0.032	0.899
208	208	MN3_20428407	MN3_20428407	1	20428408	20428408	chr3	1.41476440218975	0.051	0.965
209	209	MASC04749	MASC04749	1	20441612	20441612	chr3	2.21122819791995	0.007	0.545
210	210	MASC00009	MASC00009	1	20561540	20561540	chr3	2.14402476496634	0.007	0.584
211	211	MASC00010	MASC00010	1	20576878	20576878	chr3	2.39597669778214	0.006	0.441
212	212	MN3_20607883	MN3_20607883	1	20607884	20607884	chr3	2.33909847386001	0.005	0.464
213	213	MASC07261	MASC07261	1	20710847	20710847	chr3	2.39578346294636	0.005	0.441
214	214	MN3_20728619	MN3_20728619	1	20728620	20728620	chr3	2.09976950698518	0.006	0.603
215	215	MASC00020	MASC00020	1	20809341	20809341	chr3	2.04038750526199	0.011	0.634
216	216	MN3_20828994	MN3_20828994	1	20828994	20828994	chr3	1.96397105967766	0.014	0.683
217	217	MASC00028	MASC00028	1	20874551	20874551	chr3	1.98925825928681	0.013	0.672
218	218	NMSNP3_21034379	NMSNP3_21034379	1	NA	NA	chr3	2.02162778891623	0.013	0.649
219	219	MN3_21127619	MN3_21127619	1	21127620	21127620	chr3	2.05230222326687	0.012	0.628
220	220	NMSNP3_21230086	NMSNP3_21230086	1	NA	NA	chr3	2.10295135885591	0.01	0.601
221	221	MN3_21230323	MN3_21230323	1	21230325	21230325	chr3	2.14266000520497	0.011	0.584
222	222	MN3_21309453	MN3_21309453	1	21309453	21309453	chr3	2.17016144620669	0.009	0.567
223	223	MN3_21528561	MN3_21528561	1	21528562	21528562	chr3	2.1436059431768	0.01	0.584
224	224	MN3_21632898	MN3_21632898	1	21632898	21632898	chr3	2.31935931262141	0.009	0.483
225	225	MASC02322	MASC02322	1	21719525	21719525	chr3	2.13201325537607	0.012	0.589
226	226	MN3_21728318	MN3_21728318	1	21728319	21728319	chr3	2.23980962249857	0.01	0.529
227	227	MASC02321	MASC02321	1	21784244	21784244	chr3	2.31266612067271	0.009	0.486
228	228	MN3_21927565	MN3_21927565	1	21927566	21927566	chr3	2.31161618322874	0.009	0.486
229	229	NMSNP3_21989468	NMSNP3_21989468	1	NA	NA	chr3	2.34265440257194	0.009	0.464
230	230	ARGOS_479	ARGOS_479	1	22141418	22141418	chr3	2.48361721492962	0.007	0.381
231	231	MN3_22146586	MN3_22146586	1	22146586	22146586	chr3	2.37569422549591	0.009	0.449
232	232	MN3_22230240	MN3_22230240	1	22230241	22230241	chr3	2.34258336266907	0.009	0.464
233	233	MN3_22316041	MN3_22316041	1	22316042	22316042	chr3	2.32921791362634	0.009	0.475
234	234	MN3_22370904	MN3_22370904	1	22370905	22370905	chr3	2.29215380337516	0.011	0.498
235	235	NMSNP3_22617260	NMSNP3_22617260	1	NA	NA	chr3	2.3502242557904	0.008	0.459
236	236	MASC04925	MASC04925	1	22638888	22638888	chr3	2.34001106392582	0.009	0.464
237	237	NMSNP3_22678932	NMSNP3_22678932	1	NA	NA	chr3	2.47327521713891	0.008	0.386
238	238	MASC03109	MASC03109	1	22695710	22695710	chr3	2.33226953320743	0.009	0.472
239	239	MN3_22787640	MN3_22787640	1	22787635	22787635	chr3	2.19093481463344	0.013	0.559
240	240	MN3_22843506	MN3_22843506	1	22843507	22843507	chr3	2.12683317409626	0.015	0.594
241	241	MN3_23054119	MN3_23054119	1	23054120	23054120	chr3	2.11633613410664	0.015	0.597
242	242	MN3_23099266	MN3_23099266	1	23099267	23099267	chr3	1.9681988158367	0.018	0.679
243	243	MN3_23260905	MN3_23260905	1	23260906	23260906	chr3	1.85059564979502	0.021	0.759
244	244	GAr3_248	GAr3_248	1	23299671	23299671	chr3	1.79462323894507	0.023	0.795
245	245	GAr3_390	GAr3_390	1	23299813	23299813	chr3	1.71458339785637	0.025	0.843
246	246	GAr3_949	GAr3_949	1	23299945	23299945	chr3	1.81385435361990	0.022	0.782
247	247	GAr3_1381	GAr3_1381	1	23300340	23300340	chr3	1.80023272969834	0.022	0.792
248	248	GAr3_2130	GAr3_2130	1	23301035	23301035	chr3	1.80745106095762	0.022	0.787
249	249	GAr3_3160	GAr3_3160	1	23302065	23302065	chr3	1.80750435959902	0.022	0.787
250	250	GAr3_3658	GAr3_3658	1	23302562	23302562	chr3	1.88460439098393	0.02	0.741
1	1	MN4_48812OK	MN4_48812OK	1	48814	48814	chr4	2.02214912828934	0.012	0.649
2	2	MN4_142943	MN4_142943	1	142944	142944	chr4	2.07999819176379	0.012	0.613
3	3	MN4_241821	MN4_241821	1	241822	241822	chr4	2.13473318296839	0.007	0.588
4	4	FRI_725	FRI_725	1	269261	269261	chr4	2.00088046618942	0.008	0.661
5	5	FRI_927	FRI_927	1	269463	269463	chr4	2.03948861660623	0.008	0.634
6	6	NMSNP4_270272	NMSNP4_270272	1	NA	NA	chr4	2.04952391087149	0.008	0.629
7	7	FRI_1888	FRI_1888	1	270408	270408	chr4	2.04669972201142	0.006	0.63
8	8	FRI_2343	FRI_2343	1	270863	270863	chr4	2.27723685975658	0.005	0.508
9	9	MASC04123	MASC04123	1	301330	301330	chr4	2.4329509975803	0.004	0.417
10	10	MN4_428535	MN4_428535	1	428536	428536	chr4	2.32145625171290	0.003	0.482
11	11	MN4_428737	MN4_428737	1	428738	428738	chr4	2.62805189194118	0.004	0.315
12	12	MN4_541323	MN4_541323	1	541324	541324	chr4	2.58794888051405	0.004	0.329
13	13	MASC02680	MASC02680	1	701441	701441	chr4	2.33558269058672	0.004	0.469
14	14	MASC04651	MASC04651	1	903544	903544	chr4	2.13750611982868	0.005	0.586
15	15	MASC02790	MASC02790	1	903868	903868	chr4	2.23265242942634	0.003	0.532
16	16	MASC02819	MASC02819	1	1004423	1004423	chr4	2.07555961789276	0.004	0.618
17	17	MASC05116	MASC05116	1	1004604	1004604	chr4	2.03918610837372	0.003	0.635
18	18	MN4_1055425	MN4_1055425	1	1055427	1055427	chr4	1.86352522524251	0.006	0.753
19	19	MASC04725	MASC04725	1	1092492	1092492	chr4	1.82758618994752	0.008	0.771
20	20	MASC04658	MASC04658	1	1104485	1104485	chr4	1.73652076695831	0.013	0.828
21	21	LD_5903	LD_5903	1	1123101	1123101	chr4	1.72721682597209	0.015	0.831
22	22	LD_5094	LD_5094	1	1123898	1123898	chr4	1.76783879504035	0.013	0.81
23	23	LD_3166	LD_3166	1	1125814	1125814	chr4	1.79560788544304	0.011	0.795
24	24	LD_258	LD_258	1	1128721	1128721	chr4	1.85538736697093	0.007	0.756
25	25	AXR6_733	AXR6_733	1	1132455	1132455	chr4	1.97796711119174	0.006	0.676
26	26	GA1_8429	GA1_8429	1	1237937	1237937	chr4	1.9614113314027	0.009	0.684
27	27	GA1_7845	GA1_7845	1	1238521	1238521	chr4	1.96408041506336	0.01	0.683
28	28	GA1_7762	GA1_7762	1	1238604	1238604	chr4	1.95665834509796	0.008	0.687
29	29	GA1_5420	GA1_5420	1	1240901	1240901	chr4	1.97668823082730	0.006	0.677
30	30	GA1_4586	GA1_4586	1	1241728	1241728	chr4	1.99438681703308	0.008	0.67
31	31	GA1_3232	GA1_3232	1	1243081	1243081	chr4	2.11591062639780	0.007	0.597
32	32	GA1_2963	GA1_2963	1	1243350	1243350	chr4	1.81458566494147	0.01	0.782
33	33	GA1_1502	GA1_1502	1	1244802	1244802	chr4	2.48488931523733	0.003	0.38
34	34	MN4_1553589	MN4_1553589	1	1553590	1553590	chr4	2.14493532618145	0.005	0.584
35	35	NMSNP4_1585200	NMSNP4_1585200	1	NA	NA	chr4	2.27203208479627	0.003	0.51
36	36	MN4_1613365	MN4_1613365	1	1613367	1613367	chr4	3.15751620879321	0.001	0.13
37	37	MASC02074	MASC02074	1	1932249	1932249	chr4	3.45894957357191	0.001	0.079
38	38	NMSNP4_2133049	NMSNP4_2133049	1	NA	NA	chr4	3.81559157550211	0	0.036
39	39	MN4_2241604	MN4_2241604	1	2241601	2241601	chr4	3.72063505670641	0.001	0.046
40	40	MN4_2441131	MN4_2441131	1	2441129	2441129	chr4	3.73518357685024	0	0.045
41	41	MASC04881	MASC04881	1	2502451	2502451	chr4	3.76394552387835	0	0.041
42	42	NMSNP4_2510397	NMSNP4_2510397	1	NA	NA	chr4	3.69142082305994	0.001	0.051
43	43	MASC07280	MASC07280	1	2588285	2588285	chr4	3.47350038337450	0.001	0.076
44	44	MASC07337	MASC07337	1	2593762	2593762	chr4	2.94034355328908	0.001	0.181
45	45	MASC07341	MASC07341	1	2671984	2671984	chr4	2.68774579279515	0.002	0.287
46	46	MASC03328	MASC03328	1	2695394	2695394	chr4	2.66761928699554	0.002	0.297
47	47	MASC04894	MASC04894	1	2803491	2803491	chr4	2.72771805474597	0.002	0.263
48	48	MASC04117	MASC04117	1	2902406	2902406	chr4	2.75162535001525	0.002	0.255
49	49	MASC09225	MASC09225	1	2907156	2907156	chr4	2.85081960661366	0.001	0.209
50	50	MASC03713	MASC03713	1	3001615	3001615	chr4	2.82221886812932	0.001	0.227
51	51	NMSNP4_3006988	NMSNP4_3006988	1	NA	NA	chr4	2.81834101686183	0.001	0.228
52	52	PERL0692204	PERL0692204	1	3129540	3129540	chr4	2.72899196240311	0.001	0.263
53	53	PERL0695439	PERL0695439	1	3535624	3535624	chr4	2.78986954898856	0.001	0.243
54	54	PERL0697342	PERL0697342	1	3781190	3781190	chr4	2.79428295539391	0.001	0.241
55	55	PERL0699005	PERL0699005	1	3924073	3924073	chr4	2.80210427065477	0.001	0.238
56	56	PERL0700458	PERL0700458	1	4197468	4197468	chr4	2.80909588437503	0.001	0.235
57	57	PERL0701286	PERL0701286	1	4253904	4253904	chr4	2.91082655480512	0.001	0.19
58	58	NMSNP4_4803012	NMSNP4_4803012	1	NA	NA	chr4	2.74128947996158	0.001	0.258
59	59	MN4_4933868	MN4_4933868	1	4933870	4933870	chr4	3.18395877400881	0.001	0.123
60	60	MASC04672	MASC04672	1	5188623	5188623	chr4	3.24674124727844	0.001	0.111
61	61	MASC05102	MASC05102	1	5289624	5289624	chr4	3.08002511956041	0.001	0.144
62	62	MN4_5291400	MN4_5291400	1	5291402	5291402	chr4	3.1214011800343	0.002	0.14
63	63	CRY1_1112	CRY1_1112	1	5724251	5724251	chr4	3.38989104915876	0.001	0.088
64	64	MN4_5775707	MN4_5775707	1	5775708	5775708	chr4	4.09400820078972	0	0.02
65	65	MASC05017	MASC05017	1	6090874	6090874	chr4	3.48544171007625	0	0.076
66	66	MASC02654	MASC02654	1	6120458	6120458	chr4	4.00877911015347	0	0.024
67	67	MASC05208	MASC05208	1	6523084	6523084	chr4	3.60952209313477	0	0.057
68	68	MASC00122	MASC00122	1	6698814	6698814	chr4	3.80912623230522	0	0.036
69	69	NMSNP4_6781435	NMSNP4_6781435	1	NA	NA	chr4	4.17976878514870	0	0.016
70	70	MN4_6924080	MN4_6924080	1	6924082	6924082	chr4	4.74810770640976	0	0.005
71	71	NMSNP4_7045721	NMSNP4_7045721	1	NA	NA	chr4	4.91512197526395	0	0.005
72	72	MN4_7177248	MN4_7177248	1	7177247	7177247	chr4	4.58221145231247	0	0.005
73	73	MASC00093	MASC00093	1	7177635	7177635	chr4	5.34459482906371	0	0.003
74	74	MASC07316	MASC07316	1	7185492	7185492	chr4	5.28481303156801	0	0.003
75	75	MASC00094	MASC00094	1	7215383	7215383	chr4	5.28140126594155	0	0.003
76	76	NMSNP4_7448732	NMSNP4_7448732	1	NA	NA	chr4	5.3810001293576	0	0.003
77	77	MN4_7858241	MN4_7858241	1	7858243	7858243	chr4	5.18912239347387	0	0.003
78	78	MASC03250	MASC03250	1	8048339	8048339	chr4	4.65237295727713	0	0.005
79	79	MN4_8078648	MN4_8078648	1	8078649	8078649	chr4	4.54077213576845	0	0.005
80	80	MN4_8177683	MN4_8177683	1	8177684	8177684	chr4	5.05900466797046	0	0.004
81	81	NMSNP4_8482327	NMSNP4_8482327	1	NA	NA	chr4	5.11293893350513	0	0.003
82	82	MN4_8789187	MN4_8789187	1	8789188	8789188	chr4	5.33782304249904	0	0.003
83	83	NMSNP4_8876711	NMSNP4_8876711	1	NA	NA	chr4	5.66092625429212	0	0.002
84	84	MN4_8957775	MN4_8957775	1	8957774	8957774	chr4	5.94751790364394	0	0.001
85	85	ESD4_1150	ESD4_1150	1	9012741	9012741	chr4	6.07166578884871	0	0.001
86	86	ESD4_1264	ESD4_1264	1	9012853	9012853	chr4	6.88329561638903	0	0
87	87	ESD4_1754	ESD4_1754	1	9013343	9013343	chr4	6.92698786891761	0	0
88	88	ESD4_1925	ESD4_1925	1	9013514	9013514	chr4	6.9439693605406	0	0
89	89	ESD4_4722	ESD4_4722	1	9015942	9015942	chr4	7.06605708344907	0	0
90	90	MN4_9121213	MN4_9121213	1	9121214	9121214	chr4	7.10298479540213	0	0
91	91	MASC03269	MASC03269	1	9165318	9165318	chr4	7.37991491168367	0	0
92	92	MN4_9176420	MN4_9176420	1	9176421	9176421	chr4	7.44590111778152	0	0
93	93	PHYD_4813	PHYD_4813	1	9195560	9195560	chr4	7.4611220243493	0	0
94	94	PHYD_3586	PHYD_3586	1	9196730	9196730	chr4	7.38817668155298	0	0
95	95	PHYD_3094	PHYD_3094	1	9197222	9197222	chr4	7.93607856919217	0	0
96	96	PHYD_2806	PHYD_2806	1	9197510	9197510	chr4	7.9389964414037	0	0
97	97	PHYD_2290	PHYD_2290	1	9198026	9198026	chr4	7.0953113210255	0	0
98	98	PHYD_1815	PHYD_1815	1	9198501	9198501	chr4	8.62631990279387	0	0
99	99	PHYD_930	PHYD_930	1	9199386	9199386	chr4	8.54092338901845	0	0
100	100	MN4_9213312	MN4_9213312	1	9213313	9213313	chr4	7.14627184683249	0	0
101	101	MN4_9226751	MN4_9226751	1	9226752	9226752	chr4	7.37422959541666	0	0
102	102	MN4_9276346	MN4_9276346	1	9276347	9276347	chr4	7.13233346406466	0	0
103	103	MASC00901	MASC00901	1	9307161	9307161	chr4	6.81238392969072	0	0
104	104	NMSNP4_9315210	NMSNP4_9315210	1	NA	NA	chr4	7.18482454140226	0	0
105	105	MN4_9364998	MN4_9364998	1	9364999	9364999	chr4	7.73248735232359	0	0
106	106	NMSNP4_9377790	NMSNP4_9377790	1	NA	NA	chr4	7.99583224886379	0	0
107	107	NMSNP4_9630930	NMSNP4_9630930	1	NA	NA	chr4	8.01317204162619	0	0
108	108	MASC03263	MASC03263	1	9753866	9753866	chr4	8.09884899760109	0	0
109	109	MN4_9952405	MN4_9952405	1	9952404	9952404	chr4	8.11539738928287	0	0
110	110	MASC07426	MASC07426	1	10012693	10012693	chr4	7.93621782789044	0	0
111	111	PHYE_4688	PHYE_4688	1	10042029	10042029	chr4	7.7207934279321	0	0
112	112	PHYE_2771	PHYE_2771	1	10043945	10043945	chr4	7.75038620208391	0	0
113	113	PHYE_1561	PHYE_1561	1	10045155	10045155	chr4	7.9256805435921	0	0
114	114	MASC02468	MASC02468	1	10143200	10143200	chr4	8.04349342297498	0	0
115	115	NMSNP4_10276307	NMSNP4_10276307	1	NA	NA	chr4	7.79914835181052	0	0
116	116	MASC01526	MASC01526	1	10302892	10302892	chr4	8.40631653161837	0	0
117	117	MN4_10482087	MN4_10482087	1	10482089	10482089	chr4	8.52159567636806	0	0
118	118	MASC02548	MASC02548	1	10613956	10613956	chr4	8.72574871339628	0	0
119	119	MN4_10659155	MN4_10659155	1	10659156	10659156	chr4	9.02445402534524	0	0
120	120	NMSNP4_10777270	NMSNP4_10777270	1	NA	NA	chr4	9.34038950702256	0	0
121	121	NMSNP4_10977574	NMSNP4_10977574	1	NA	NA	chr4	9.11599641507243	0	0
122	122	TSF_2439	TSF_2439	1	11001783	11001783	chr4	8.84754712031177	0	0
123	123	TSF_606	TSF_606	1	11003571	11003571	chr4	9.18970716739686	0	0
124	124	MASC01686	MASC01686	1	11268012	11268012	chr4	8.90778292437947	0	0
125	125	NMSNP4_11326190	NMSNP4_11326190	1	NA	NA	chr4	8.6162716459495	0	0
126	126	MASC07397	MASC07397	1	11470277	11470277	chr4	8.46220038818266	0	0
127	127	MN4_11488359	MN4_11488359	1	11488359	11488359	chr4	7.46455663135185	0	0
128	128	MASC02503	MASC02503	1	11577782	11577782	chr4	6.96885168833576	0	0
129	129	MN4_11579839	MN4_11579839	1	11579840	11579840	chr4	6.96409222419743	0	0
130	130	MN4_11580143	MN4_11580143	1	11580144	11580144	chr4	6.48452590059916	0	0
131	131	MASC04642	MASC04642	1	11786413	11786413	chr4	5.78131627529228	0	0.001
132	132	MASC04141	MASC04141	1	11822749	11822749	chr4	5.85453018818903	0	0.001
133	133	MN4_11878394	MN4_11878394	1	11878395	11878395	chr4	5.67948218274972	0	0.001
134	134	MN4_11984772	MN4_11984772	1	11984773	11984773	chr4	5.81051094764957	0	0.001
135	135	NMSNP4_12076756	NMSNP4_12076756	1	NA	NA	chr4	5.72573346033356	0	0.001
136	136	MN4_12195812	MN4_12195812	1	12195814	12195814	chr4	5.27586111069535	0	0.003
137	137	MASC03508	MASC03508	1	12244450	12244450	chr4	5.21147489104339	0	0.003
138	138	MN4_12326350	MN4_12326350	1	12326351	12326351	chr4	5.50619869419473	0	0.003
139	139	SLY1_586	SLY1_586	1	12563022	12563022	chr4	4.90700970229497	0	0.005
140	140	SLY1_1984	SLY1_1984	1	12564413	12564413	chr4	4.70732105224693	0	0.005
141	141	SLY1_2145	SLY1_2145	1	12564574	12564574	chr4	5.16002817864301	0	0.003
142	142	MN4_12654226	MN4_12654226	1	12654227	12654227	chr4	5.2138708408893	0	0.003
143	143	AGL24_4208	AGL24_4208	1	12670690	12670690	chr4	5.57438235093558	0	0.002
144	144	AGL24_3913	AGL24_3913	1	12670977	12670977	chr4	5.59551609278934	0	0.002
145	145	AGL24_3653	AGL24_3653	1	12671234	12671234	chr4	5.59550304642597	0	0.002
146	146	AGL24_3515	AGL24_3515	1	12671372	12671372	chr4	5.59563937893053	0	0.002
147	147	AGL24_3240	AGL24_3240	1	12671647	12671647	chr4	5.60594520802529	0	0.002
148	148	AGL24_2913	AGL24_2913	1	12671974	12671974	chr4	5.49970956054997	0	0.003
149	149	AGL24_848	AGL24_848	1	12674029	12674029	chr4	5.49237391128751	0	0.003
150	150	AGL24_59	AGL24_59	1	12674813	12674813	chr4	5.61825476493939	0	0.002
151	151	MN4_12900427	MN4_12900427	1	12900428	12900428	chr4	5.62598175324503	0	0.002
152	152	NMSNP4_12978586	NMSNP4_12978586	1	NA	NA	chr4	5.49805799041102	0	0.003
153	153	MASC01816	MASC01816	1	13009947	13009947	chr4	5.6375975956667	0	0.002
154	154	MN4_13078471	MN4_13078471	1	13078472	13078472	chr4	5.58752241203153	0	0.002
155	155	MN4_13180063	MN4_13180063	1	13180064	13180064	chr4	5.53988396991389	0	0.002
156	156	NMSNP4_13213908	NMSNP4_13213908	1	NA	NA	chr4	5.44800987383883	0	0.003
157	157	MASC03074	MASC03074	1	13226714	13226714	chr4	5.380531936217	0	0.003
158	158	MN4_13238316	MN4_13238316	1	13238317	13238317	chr4	5.52426300953046	0	0.003
159	159	MN4_13358579	MN4_13358579	1	13358580	13358580	chr4	5.53430841685713	0	0.002
160	160	MN4_13576438	MN4_13576438	1	13576437	13576437	chr4	5.55456741388181	0	0.002
161	161	MASC02802	MASC02802	1	13612124	13612124	chr4	5.64895374700358	0	0.002
162	162	MASC00006	MASC00006	1	13670764	13670764	chr4	5.65249747621626	0	0.002
163	163	NMSNP4_13680544	NMSNP4_13680544	1	NA	NA	chr4	5.87811786961779	0	0.001
164	164	MN4_13753532	MN4_13753532	1	13753533	13753533	chr4	5.82299518282087	0	0.001
165	165	MN4_13978437	MN4_13978437	1	13978438	13978438	chr4	5.4294146514824	0	0.003
166	166	MN4_14075777	MN4_14075777	1	14075776	14075776	chr4	4.92645447340057	0	0.005
167	167	MN4_14177230	MN4_14177230	1	14177231	14177231	chr4	5.30778581422584	0	0.003
168	168	MASC03152	MASC03152	1	14241937	14241937	chr4	5.44372298092482	0	0.003
169	169	MN4_14318307	MN4_14318307	1	14318308	14318308	chr4	5.65975895940528	0	0.002
170	170	MASC00126	MASC00126	1	14322426	14322426	chr4	5.70099757645004	0	0.001
171	171	MN4_14379736	MN4_14379736	1	14379738	14379738	chr4	5.72067629849719	0	0.001
172	172	NMSNP4_14379876	NMSNP4_14379876	1	NA	NA	chr4	5.49402197711914	0	0.003
173	173	MN4_14533015	MN4_14533015	1	14533016	14533016	chr4	5.31524691410064	0	0.003
174	174	MN4_14533372	MN4_14533372	1	14533373	14533373	chr4	5.22402947692827	0	0.003
175	175	NMSNP4_14635805	NMSNP4_14635805	1	NA	NA	chr4	5.32242190604084	0	0.003
176	176	MASC03154	MASC03154	1	14658638	14658638	chr4	5.31467641987303	0	0.003
177	177	MASC02354	MASC02354	1	14660281	14660281	chr4	5.16297811865922	0	0.003
178	178	MN4_14732051	MN4_14732051	1	14732052	14732052	chr4	5.03044078986043	0	0.004
179	179	VIN3L_5026	VIN3L_5026	1	14786669	14786669	chr4	5.0501842456627	0	0.004
180	180	VIN3L_4961	VIN3L_4961	1	14786734	14786734	chr4	4.53227683998784	0	0.005
181	181	VIN3L_4569	VIN3L_4569	1	14787126	14787126	chr4	4.49835217374709	0	0.005
182	182	VIN3L_50	VIN3L_50	1	14791619	14791619	chr4	4.35059565969749	0	0.01
183	183	MN4_14935855	MN4_14935855	1	14935856	14935856	chr4	3.77408822926584	0	0.04
184	184	MN4_14936037	MN4_14936037	1	14936038	14936038	chr4	4.00862009672794	0	0.024
185	185	MN4_15087653	MN4_15087653	1	15087654	15087654	chr4	4.07885664400811	0	0.021
186	186	NMSNP4_15175468	NMSNP4_15175468	1	NA	NA	chr4	4.1175678506683	0	0.019
187	187	MN4_15274377	MN4_15274377	1	15274378	15274378	chr4	4.11943376290127	0	0.019
188	188	MN4_15329740	MN4_15329740	1	15329741	15329741	chr4	3.78328040140959	0.001	0.039
189	189	MASC03336	MASC03336	1	15489086	15489086	chr4	3.83582820053151	0	0.034
190	190	MN4_15571879	MN4_15571879	1	15571880	15571880	chr4	3.73822470633593	0	0.045
191	191	MN4_15662175	MN4_15662175	1	15662176	15662176	chr4	3.64372139182563	0.001	0.054
192	192	NMSNP4_15765120	NMSNP4_15765120	1	NA	NA	chr4	3.33891945315587	0.001	0.095
193	193	MASC03998	MASC03998	1	15786582	15786582	chr4	3.3390571570076	0.001	0.095
194	194	MAX4_84	MAX4_84	1	15828436	15828436	chr4	3.16216609127737	0.001	0.129
195	195	MAX4_184	MAX4_184	1	15828536	15828536	chr4	3.22985236228021	0.001	0.116
196	196	MN4_15865150	MN4_15865150	1	15865151	15865151	chr4	3.96810706939283	0	0.026
197	197	MASC03874	MASC03874	1	15897266	15897266	chr4	4.08625008324406	0	0.021
198	198	MN4_15925187	MN4_15925187	1	15925189	15925189	chr4	4.46779968174871	0	0.006
199	199	MN4_16025638	MN4_16025638	1	16025639	16025639	chr4	5.0220875006514	0	0.004
200	200	MN4_16338157	MN4_16338157	1	16338158	16338158	chr4	4.72730456759286	0	0.005
201	201	MN4_16383274	MN4_16383274	1	16383275	16383275	chr4	5.28007685697565	0	0.003
202	202	MN4_16474676	MN4_16474676	1	16474677	16474677	chr4	5.30204054122203	0	0.003
203	203	MN4_16547251	MN4_16547251	1	16547252	16547252	chr4	5.76505294960215	0	0.001
204	204	MASC07383	MASC07383	1	16574990	16574990	chr4	5.43590618872655	0	0.003
205	205	MASC07295	MASC07295	1	16702031	16702031	chr4	5.91305687360393	0	0.001
206	206	MN4_16742072	MN4_16742072	1	16742072	16742072	chr4	5.33932924043055	0	0.003
207	207	MASC04199	MASC04199	1	16879420	16879420	chr4	4.70223380777171	0	0.005
208	208	MN4_16888200	MN4_16888200	1	16888201	16888201	chr4	4.92581464147042	0	0.005
209	209	NMSNP4_16944691	NMSNP4_16944691	1	NA	NA	chr4	4.96308263552365	0	0.005
210	210	FD_250	FD_250	1	17003832	17003832	chr4	4.7775449180467	0	0.005
211	211	FD_1596	FD_1596	1	17005171	17005171	chr4	4.77998108041714	0	0.005
212	212	FD_2774	FD_2774	1	17006349	17006349	chr4	4.80449831441912	0	0.005
213	213	NMSNP4_17038400	NMSNP4_17038400	1	NA	NA	chr4	5.06528493491529	0	0.004
214	214	MASC03225	MASC03225	1	17352240	17352240	chr4	4.15699806952535	0	0.018
215	215	MN4_17442969	MN4_17442969	1	17442970	17442970	chr4	3.69038062126258	0	0.051
216	216	MASC07250	MASC07250	1	17554864	17554864	chr4	2.58899262639790	0.001	0.329
217	217	MN4_17609253	MN4_17609253	1	17609254	17609254	chr4	2.69704616788023	0.002	0.282
218	218	ANT_295	ANT_295	1	17740263	17740263	chr4	2.20794644004339	0.006	0.548
219	219	MASC09216	MASC09216	1	17772125	17772125	chr4	2.27469854398851	0.004	0.509
220	220	MN4_17803780	MN4_17803780	1	17803782	17803782	chr4	2.58420239589163	0.003	0.332
221	221	MN4_17906421	MN4_17906421	1	17906422	17906422	chr4	2.83903881375665	0.001	0.214
222	222	MASC03594	MASC03594	1	18148534	18148534	chr4	2.46099888244917	0.003	0.395
223	223	NMSNP4_18156355	NMSNP4_18156355	1	NA	NA	chr4	2.75967770996932	0	0.253
224	224	MASC01711	MASC01711	1	18165168	18165168	chr4	2.94544775988219	0	0.179
225	225	MN4_18187339	MN4_18187339	1	18187340	18187340	chr4	2.81454620037690	0	0.232
226	226	MN4_18268215	MN4_18268215	1	18268125	18268125	chr4	2.79688513242908	0.001	0.24
227	227	MN4_18371994	MN4_18371994	1	18371994	18371994	chr4	2.67521712517205	0.002	0.294
228	228	NMSNP4_18417100	NMSNP4_18417100	1	NA	NA	chr4	2.57180671585415	0.003	0.335
229	229	MASC05258	MASC05258	1	18538525	18538525	chr4	2.5002472728419	0.005	0.376
1	1	MN5_107584	MN5_107584	1	107585	107585	chr5	2.10525521069887	0.009	0.6
2	2	MASC01792	MASC01792	1	209254	209254	chr5	2.36468760316791	0.005	0.452
3	3	MN5_428961	MN5_428961	1	428961	428961	chr5	2.30974541730707	0.007	0.487
4	4	MN5_476404	MN5_476404	1	476405	476405	chr5	2.28853829495564	0.007	0.5
5	5	NMSNP5_476785	NMSNP5_476785	1	NA	NA	chr5	2.58746832001067	0.001	0.329
6	6	MASC00144	MASC00144	1	506802	506802	chr5	2.72469813089782	0.001	0.264
7	7	MN5_625679	MN5_625679	1	625680	625680	chr5	3.26358162958177	0	0.109
8	8	MN5_658142	MN5_658142	1	658143	658143	chr5	3.42626145881465	0	0.082
9	9	MASC03480	MASC03480	1	740436	740436	chr5	3.47133471683516	0	0.077
10	10	MN5_1041169	MN5_1041169	1	1041157	1041157	chr5	3.61907591761122	0	0.057
11	11	MN5_1154885	MN5_1154885	1	1154886	1154886	chr5	3.16234198075829	0	0.129
12	12	MN5_1337439	MN5_1337439	1	1337440	1337440	chr5	3.26518420212664	0	0.108
13	13	MN5_1399718	MN5_1399718	1	1399715	1399715	chr5	3.13723177819831	0	0.132
14	14	MN5_1399959	MN5_1399959	1	1399956	1399956	chr5	3.32887708535725	0	0.097
15	15	MN5_1446247	MN5_1446247	1	1446248	1446248	chr5	3.30644364922035	0	0.099
16	16	MN5_1586146	MN5_1586146	1	1586148	1586148	chr5	3.37764106795209	0	0.089
17	17	ATMYB33_119	ATMYB33_119	1	1836985	1836985	chr5	3.61701312817947	0	0.057
18	18	ATMYB33_3059	ATMYB33_3059	1	1839921	1839921	chr5	3.55897964803999	0	0.065
19	19	MN5_1841284	MN5_1841284	1	1841285	1841285	chr5	3.53030582281355	0	0.071
20	20	MN5_1931248	MN5_1931248	1	1931249	1931249	chr5	3.36515727723064	0	0.091
21	21	MN5_1943883	MN5_1943883	1	1943884	1943884	chr5	3.5106945927105	0	0.074
22	22	MASC04531	MASC04531	1	2073104	2073104	chr5	3.356085372374	0	0.092
23	23	MN5_2153137	MN5_2153137	1	2153137	2153137	chr5	3.39464455247535	0	0.086
24	24	MN5_2192958	MN5_2192958	1	2192959	2192959	chr5	3.37202592664571	0	0.09
25	25	MN5_2244739	MN5_2244739	1	2244740	2244740	chr5	3.31307587834702	0	0.099
26	26	MN5_2244867	MN5_2244867	1	2244868	2244868	chr5	3.26759883609281	0	0.108
27	27	MN5_2296406	MN5_2296406	1	2296408	2296408	chr5	3.60323608856985	0	0.058
28	28	MASC03207	MASC03207	1	2383169	2383169	chr5	3.65180735504163	0	0.053
29	29	MASC04390	MASC04390	1	2455039	2455039	chr5	3.96742187527786	0	0.026
30	30	MASC02783	MASC02783	1	2522198	2522198	chr5	4.02925495123018	0	0.023
31	31	MN5_2707605	MN5_2707605	1	2707606	2707606	chr5	4.42595120142619	0	0.008
32	32	MN5_2799421	MN5_2799421	1	2799415	2799415	chr5	4.46001103897027	0	0.006
33	33	MN5_2808917	MN5_2808917	1	2808919	2808919	chr5	4.57403946208082	0	0.005
34	34	MN5_2900405	MN5_2900405	1	2900403	2900403	chr5	4.58238031687399	0	0.005
35	35	MN5_2925212	MN5_2925212	1	2925212	2925212	chr5	4.64957161692297	0	0.005
36	36	MN5_2974376	MN5_2974376	1	2974377	2974377	chr5	4.63976900450318	0	0.005
37	37	MN5_3092677	MN5_3092677	1	3092678	3092678	chr5	4.80377352461593	0	0.005
38	38	MN5_3092945	MN5_3092945	1	3092945	3092945	chr5	4.6096416190409	0	0.005
39	39	MN5_3149961	MN5_3149961	1	3149963	3149963	chr5	4.40893493179478	0	0.009
40	40	FLC_7207	FLC_7207	1	3173945	3173945	chr5	4.32010658434651	0	0.01
41	41	FLC_6809	FLC_6809	1	3174332	3174332	chr5	4.31805955694101	0	0.011
42	42	FLC_5907	FLC_5907	1	3175212	3175212	chr5	4.30965519567141	0	0.011
43	43	FLC_3312	FLC_3312	1	3176576	3176576	chr5	4.33065552581753	0	0.01
44	44	FLC_3215	FLC_3215	1	3176673	3176673	chr5	4.36095047348895	0	0.01
45	45	FLC_3090	FLC_3090	1	3176799	3176799	chr5	4.35440274154775	0	0.01
46	46	FLC_2775	FLC_2775	1	3177113	3177113	chr5	4.34486616410277	0	0.01
47	47	MN5_3177504	MN5_3177504	1	3177502	3177502	chr5	4.30209874211427	0	0.011
48	48	MN5_3200509	MN5_3200509	1	3200510	3200510	chr5	4.36685625489484	0	0.009
49	49	MN5_3227635	MN5_3227635	1	3227636	3227636	chr5	4.50270187093419	0	0.005
50	50	MN5_3281887	MN5_3281887	1	3281888	3281888	chr5	4.3690379435869	0	0.009
51	51	MASC09207	MASC09207	1	3284125	3284125	chr5	4.39191456667009	0	0.009
52	52	MN5_3289426	MN5_3289426	1	3289427	3289427	chr5	4.53961695362613	0	0.005
53	53	MN5_3330228	MN5_3330228	1	3330229	3330229	chr5	4.53778751517955	0	0.005
54	54	MN5_3330509	MN5_3330509	1	3330509	3330509	chr5	4.64109945309474	0	0.005
55	55	MN5_3392815	MN5_3392815	1	3392816	3392816	chr5	4.91656619753954	0	0.005
56	56	MN5_3491425	MN5_3491425	1	3491426	3491426	chr5	4.47456732670264	0	0.006
57	57	MN5_3498141	MN5_3498141	1	3498142	3498142	chr5	5.12916191087214	0	0.003
58	58	MN5_3695672	MN5_3695672	1	3695671	3695671	chr5	5.04352802956402	0	0.004
59	59	MN5_3908213	MN5_3908213	1	3908214	3908214	chr5	5.2348756069894	0	0.003
60	60	MN5_4010649	MN5_4010649	1	4010650	4010650	chr5	5.09402075549389	0	0.004
61	61	NMSNP5_4148593	NMSNP5_4148593	1	NA	NA	chr5	5.28157982785455	0	0.003
62	62	MN5_4179168	MN5_4179168	1	4179169	4179169	chr5	5.03678688046673	0	0.004
63	63	NMSNP5_4223380	NMSNP5_4223380	1	NA	NA	chr5	5.10128363874764	0	0.003
64	64	MASC05127	MASC05127	1	4243046	4243046	chr5	5.11142204597086	0	0.003
65	65	MN5_4293557	MN5_4293557	1	4293558	4293558	chr5	5.11191951305962	0	0.003
66	66	MN5_4318001	MN5_4318001	1	4318002	4318002	chr5	5.08524024358784	0	0.004
67	67	MN5_4318365	MN5_4318365	1	4318366	4318366	chr5	5.18493633578817	0	0.003
68	68	MN5_4327715	MN5_4327715	1	4327716	4327716	chr5	4.76177687470225	0	0.005
69	69	MN5_4344025	MN5_4344025	1	4344026	4344026	chr5	4.66755855721178	0	0.005
70	70	MN5_4428863	MN5_4428863	1	4428862	4428862	chr5	4.24813356096232	0	0.012
71	71	MN5_4820535	MN5_4820535	1	4820536	4820536	chr5	3.89137281038268	0	0.031
72	72	MASC01139	MASC01139	1	4827097	4827097	chr5	4.23400786127604	0	0.013
73	73	MN5_4897416	MN5_4897416	1	4897417	4897417	chr5	4.230936492606	0	0.013
74	74	MN5_5005750	MN5_5005750	1	5005751	5005751	chr5	4.11301259523038	0	0.02
75	75	MASC01136	MASC01136	1	5145073	5145073	chr5	4.02757017394272	0	0.023
76	76	MASC01137	MASC01137	1	5145584	5145584	chr5	4.00145917906145	0	0.024
77	77	CO_1457	CO_1457	1	5172405	5172405	chr5	3.95205776194336	0	0.026
78	78	CO_612	CO_612	1	5173250	5173250	chr5	3.82312392899327	0	0.035
79	79	CO_347	CO_347	1	5173515	5173515	chr5	3.75337764456307	0	0.044
80	80	CO_203	CO_203	1	5173659	5173659	chr5	3.72867658756103	0	0.046
81	81	MN5_5198324	MN5_5198324	1	5198325	5198325	chr5	3.62041792850679	0	0.057
82	82	MN5_5318989	MN5_5318989	1	5318991	5318991	chr5	3.35696149399389	0	0.092
83	83	FRL1_543	FRL1_543	1	5344761	5344761	chr5	3.22256339965568	0	0.118
84	84	FRL1_971	FRL1_971	1	5345189	5345189	chr5	3.20619306757222	0.002	0.12
85	85	FRL1_1127	FRL1_1127	1	5345345	5345345	chr5	3.07583711611702	0.004	0.144
86	86	NMSNP5_5388280	NMSNP5_5388280	1	NA	NA	chr5	3.10873023355859	0.005	0.141
87	87	MASC02570	MASC02570	1	5422336	5422336	chr5	3.204717579275	0.004	0.121
88	88	MASC01586	MASC01586	1	5433919	5433919	chr5	2.85879169548255	0.005	0.205
89	89	MN5_5452600	MN5_5452600	1	5452601	5452601	chr5	2.85862528752441	0.005	0.205
90	90	MN5_5726284	MN5_5726284	1	5726285	5726285	chr5	2.67216314763196	0.006	0.295
91	91	TFL2_3265	TFL2_3265	1	5827101	5827101	chr5	2.53536530142873	0.007	0.356
92	92	TFL2_2993	TFL2_2993	1	5827373	5827373	chr5	2.55606611868964	0.007	0.342
93	93	TFL2_1346	TFL2_1346	1	5829019	5829019	chr5	2.56153250812832	0.007	0.339
94	94	TFL2_1199	TFL2_1199	1	5829166	5829166	chr5	2.49648613457252	0.006	0.376
95	95	TFL2_775	TFL2_775	1	5829590	5829590	chr5	2.19268821551663	0.01	0.559
96	96	NMSNP5_5841444	NMSNP5_5841444	1	NA	NA	chr5	2.04635941479103	0.011	0.63
97	97	MASC01538	MASC01538	1	5996222	5996222	chr5	2.04798467897155	0.01	0.63
98	98	MN5_6222071	MN5_6222071	1	6222072	6222072	chr5	1.67965513223178	0.022	0.858
99	99	NMSNP5_6222282	NMSNP5_6222282	1	NA	NA	chr5	1.62072754169650	0.025	0.886
100	100	MASC00072	MASC00072	1	6226662	6226662	chr5	1.81353066885633	0.016	0.783
101	101	MN5_6322454	MN5_6322454	1	6322455	6322455	chr5	1.8596703202759	0.015	0.754
102	102	MASC02568	MASC02568	1	6415443	6415443	chr5	1.7578370307415	0.016	0.818
103	103	NMSNP5_6416385	NMSNP5_6416385	1	NA	NA	chr5	1.90434879789045	0.011	0.73
104	104	MASC04986	MASC04986	1	6453529	6453529	chr5	1.98716621117980	0.011	0.673
105	105	NMSNP5_6523120	NMSNP5_6523120	1	NA	NA	chr5	2.08066741197342	0.009	0.613
106	106	MN5_6523351	MN5_6523351	1	6523352	6523352	chr5	2.05441267840596	0.008	0.628
107	107	MN5_6621153	MN5_6621153	1	6621149	6621149	chr5	2.05984947176097	0.008	0.625
108	108	MN5_6708112	MN5_6708112	1	6708113	6708113	chr5	2.02355228663296	0.007	0.647
109	109	MN5_6820592	MN5_6820592	1	6820593	6820593	chr5	1.86686893956759	0.015	0.749
110	110	MN5_6899767	MN5_6899767	1	6899768	6899768	chr5	1.67976843595924	0.021	0.858
111	111	MN5_6899957	MN5_6899957	1	6899958	6899958	chr5	1.78708347956290	0.016	0.801
112	112	MN5_7004457	MN5_7004457	1	7004458	7004458	chr5	1.76270982156917	0.013	0.815
113	113	MN5_7279056	MN5_7279056	1	7279058	7279058	chr5	1.83899425440411	0.011	0.767
114	114	MASC01742	MASC01742	1	7315350	7315350	chr5	1.85179638204472	0.012	0.759
115	115	MASC04577	MASC04577	1	7367493	7367493	chr5	1.78859999659875	0.017	0.798
116	116	RAX1_313	RAX1_313	1	7697392	7697392	chr5	1.39045030749747	0.038	0.97
117	117	MASC09209	MASC09209	1	7717926	7717926	chr5	1.62768235871673	0.024	0.881
118	118	MASC07384	MASC07384	1	8001192	8001192	chr5	1.46062052847859	0.039	0.949
119	119	SGCSNP14068	SGCSNP14068	1	8240546	8240546	chr5	1.36229455131948	0.052	0.974
120	120	SGCSNP14097	SGCSNP14097	1	8360131	8360131	chr5	1.32508199569052	0.061	0.981
121	121	FPF1_1263	FPF1_1263	1	8541646	8541646	chr5	1.24740461007973	0.07	0.99
122	122	MASC03559	MASC03559	1	8810485	8810485	chr5	1.18870093906694	0.081	0.996
123	123	NMSNP5_8894884	NMSNP5_8894884	1	NA	NA	chr5	1.14755009445445	0.091	0.997
124	124	BKN10577	BKN10577	1	8978327	8978327	chr5	1.18017324320640	0.084	0.996
125	125	NMSNP5_9105484	NMSNP5_9105484	1	NA	NA	chr5	1.34707365068927	0.055	0.979
126	126	MASC07368	MASC07368	1	9481364	9481364	chr5	1.45583918057554	0.043	0.953
127	127	GAr1_504	GAr1_504	1	9628389	9628389	chr5	1.36018542516322	0.055	0.975
128	128	GAr1_3640	GAr1_3640	1	9631511	9631511	chr5	1.35609672028145	0.046	0.975
129	129	MASC03158	MASC03158	1	10011771	10011771	chr5	1.25295154365378	0.067	0.99
130	130	SGCSNP14295	SGCSNP14295	1	10237899	10237899	chr5	1.33923537842267	0.055	0.979
131	131	NMSNP5_10525706	NMSNP5_10525706	1	NA	NA	chr5	0.975088022864442	0.117	1
132	132	MN5_10525862	MN5_10525862	1	10525863	10525863	chr5	1.25057110072990	0.064	0.99
133	133	NMSNP5_10910098	NMSNP5_10910098	1	NA	NA	chr5	1.18993131336564	0.073	0.996
134	134	MASC03952	MASC03952	1	11067098	11067098	chr5	1.20142032124697	0.068	0.994
135	135	PERL0963920	PERL0963920	1	11630622	11630622	chr5	1.23968062484271	0.064	0.991
136	136	PERL0965490	PERL0965490	1	12200701	12200701	chr5	1.26239596499377	0.058	0.99
137	137	PERL0968417	PERL0968417	1	12443508	12443508	chr5	1.15368060633904	0.074	0.997
138	138	MASC09210	MASC09210	1	12529404	12529404	chr5	1.10133736905595	0.079	0.999
139	139	MASC03601	MASC03601	1	12594045	12594045	chr5	1.09715929876264	0.083	1
140	140	MN5_12698438	MN5_12698438	1	12698390	12698390	chr5	1.11499128338432	0.079	0.999
141	141	MN5_12698621	MN5_12698621	1	12698573	12698573	chr5	1.06438254767849	0.09	1
142	142	MN5_12966464	MN5_12966464	1	12966466	12966466	chr5	0.993477422692938	0.103	1
143	143	NMSNP5_13272366	NMSNP5_13272366	1	NA	NA	chr5	0.923095676364446	0.114	1
144	144	NMSNP5_13614560	NMSNP5_13614560	1	NA	NA	chr5	1.07701900943371	0.093	1
145	145	NMSNP5_13614633	NMSNP5_13614633	1	NA	NA	chr5	0.927457528466006	0.124	1
146	146	MASC01361	MASC01361	1	13849977	13849977	chr5	0.694190247009657	0.197	1
147	147	NMSNP5_14303707	NMSNP5_14303707	1	NA	NA	chr5	0.521953683206481	0.293	1
148	148	NMSNP5_14661352	NMSNP5_14661352	1	NA	NA	chr5	0.466571447317946	0.341	1
149	149	MN5_14712065	MN5_14712065	1	14712067	14712067	chr5	0.344579184618711	0.424	1
150	150	MN5_14870918	MN5_14870918	1	14870919	14870919	chr5	0.248632475479798	0.544	1
151	151	MN5_14952906	MN5_14952906	1	14952905	14952905	chr5	0.253320502400449	0.556	1
152	152	MASC04275	MASC04275	1	14991169	14991169	chr5	0.245103113524002	0.558	1
153	153	NMSNP5_15065196	NMSNP5_15065196	1	NA	NA	chr5	0.238435511189853	0.568	1
154	154	NMSNP5_15065361	NMSNP5_15065361	1	NA	NA	chr5	0.356573255795219	0.411	1
155	155	MN5_15316041	MN5_15316041	1	15316043	15316043	chr5	0.356393890687016	0.413	1
156	156	MASC04605	MASC04605	1	15395586	15395586	chr5	0.341518000207156	0.43	1
157	157	MN5_15457103	MN5_15457103	1	15457104	15457104	chr5	0.363574319413167	0.406	1
158	158	MASC07404	MASC07404	1	15761990	15761990	chr5	0.370215792858549	0.401	1
159	159	NMSNP5_15767945	NMSNP5_15767945	1	NA	NA	chr5	0.356029541430901	0.426	1
160	160	MN5_15768163	MN5_15768163	1	15768162	15768162	chr5	0.426236673291348	0.372	1
161	161	NMSNP5_15965250	NMSNP5_15965250	1	NA	NA	chr5	0.394419042502985	0.392	1
162	162	ERA1_470	ERA1_470	1	16119129	16119129	chr5	0.340716527322355	0.456	1
163	163	MN5_16122807	MN5_16122807	1	16122809	16122809	chr5	0.357022074113168	0.435	1
164	164	MASC07230	MASC07230	1	16203305	16203305	chr5	0.413142991437712	0.38	1
165	165	MASC04448	MASC04448	1	16354614	16354614	chr5	0.550456837545994	0.276	1
166	166	MN5_16368332	MN5_16368332	1	16368334	16368334	chr5	0.825329369781273	0.142	1
167	167	NMSNP5_16446291	NMSNP5_16446291	1	NA	NA	chr5	0.830824319203483	0.131	1
168	168	MN5_16964744	MN5_16964744	1	16964745	16964745	chr5	1.26166098260776	0.045	0.99
169	169	MASC01341	MASC01341	1	17148034	17148034	chr5	1.59167472850144	0.017	0.899
170	170	MASC03128	MASC03128	1	17186150	17186150	chr5	1.50560577833823	0.018	0.927
171	171	MN5_17242619	MN5_17242619	1	17242620	17242620	chr5	1.56850029090357	0.016	0.912
172	172	MASC02450	MASC02450	1	17358444	17358444	chr5	1.42198577000928	0.025	0.963
173	173	MASC07302	MASC07302	1	17478256	17478256	chr5	1.49712847479826	0.023	0.931
174	174	MASC04536	MASC04536	1	17555638	17555638	chr5	1.57745924215261	0.017	0.906
175	175	MN5_17569666	MN5_17569666	1	17569668	17569668	chr5	1.63691264122705	0.02	0.876
176	176	NMSNP5_17629384	NMSNP5_17629384	1	NA	NA	chr5	1.7796067251304	0.011	0.805
177	177	PNH_348	PNH_348	1	17629553	17629553	chr5	1.89552616538647	0.007	0.736
178	178	MASC04540	MASC04540	1	17693072	17693072	chr5	1.882279754448	0.007	0.741
179	179	MN5_17864875	MN5_17864875	1	17864876	17864876	chr5	1.91669224927462	0.008	0.72
180	180	NMSNP5_17924620	NMSNP5_17924620	1	NA	NA	chr5	1.93666766077856	0.007	0.704
181	181	MN5_17924704	MN5_17924704	1	17924687	17924687	chr5	1.93760184378390	0.008	0.704
182	182	MASC04430	MASC04430	1	17944361	17944361	chr5	1.96967005620732	0.007	0.678
183	183	NMSNP5_18065760	NMSNP5_18065760	1	NA	NA	chr5	1.98627185551699	0.006	0.674
184	184	MN5_18166799	MN5_18166799	1	18166800	18166800	chr5	1.88234188487921	0.007	0.741
185	185	MN5_18258441	MN5_18258441	1	18258442	18258442	chr5	1.90041490386897	0.007	0.732
186	186	NMSNP5_18258766	NMSNP5_18258766	1	NA	NA	chr5	1.89273216214033	0.007	0.737
187	187	MASC02679	MASC02679	1	18283734	18283734	chr5	1.85078558078795	0.006	0.759
188	188	MASC01056	MASC01056	1	18295819	18295819	chr5	2.14370019708025	0.001	0.584
189	189	NMSNP5_18666593	NMSNP5_18666593	1	NA	NA	chr5	2.17882866775927	0.001	0.562
190	190	MN5_18782455	MN5_18782455	1	18782421	18782421	chr5	2.09568751995509	0.003	0.606
191	191	MN5_19124078	MN5_19124078	1	19124079	19124079	chr5	2.42888200952657	0	0.418
192	192	MN5_19124146	MN5_19124146	1	19124148	19124148	chr5	2.45523419155733	0	0.399
193	193	MASC02607	MASC02607	1	19270610	19270610	chr5	2.67917964715706	0	0.292
194	194	MN5_19316033	MN5_19316033	1	19316034	19316034	chr5	3.10332461917623	0	0.141
195	195	NMSNP5_19316305	NMSNP5_19316305	1	NA	NA	chr5	3.18009648272226	0	0.124
196	196	MN5_19415082	MN5_19415082	1	19415084	19415084	chr5	3.23126696576133	0	0.116
197	197	MASC04412	MASC04412	1	19475827	19475827	chr5	3.40076058043812	0	0.084
198	198	MN5_19503408	MN5_19503408	1	19503408	19503408	chr5	3.3863458413628	0	0.088
199	199	MN5_19503546	MN5_19503546	1	19503546	19503546	chr5	3.60243524354803	0	0.058
200	200	NMSNP5_19614462	NMSNP5_19614462	1	NA	NA	chr5	3.80612162723195	0	0.037
201	201	MASC07356	MASC07356	1	19627497	19627497	chr5	3.90376683297837	0	0.031
202	202	MASC01039	MASC01039	1	19701698	19701698	chr5	4.08232776096264	0	0.021
203	203	NMSNP5_19715921	NMSNP5_19715921	1	NA	NA	chr5	3.97377467236398	0	0.026
204	204	MN5_19716017	MN5_19716017	1	19716015	19716015	chr5	3.91485590765341	0	0.029
205	205	MN5_19823529	MN5_19823529	1	19823530	19823530	chr5	4.06142456024836	0	0.021
206	206	MN5_20021652	MN5_20021652	1	20021653	20021653	chr5	4.28561148272369	0	0.011
207	207	MN5_20128524	MN5_20128524	1	20128525	20128525	chr5	4.12635214850394	0	0.018
208	208	MN5_20215473	MN5_20215473	1	20215474	20215474	chr5	4.04769715547780	0	0.023
209	209	MN5_20318139	MN5_20318139	1	20318139	20318139	chr5	3.93809278141277	0	0.027
210	210	MASC07276	MASC07276	1	20523473	20523473	chr5	3.88976379529117	0	0.031
211	211	NMSNP5_20915321	NMSNP5_20915321	1	NA	NA	chr5	4.05438130066022	0	0.022
212	212	NMSNP5_21019318	NMSNP5_21019318	1	NA	NA	chr5	3.82551380490836	0	0.035
213	213	MN5_21039080	MN5_21039080	1	21039082	21039082	chr5	4.02729806399385	0	0.023
214	214	MN5_21039146	MN5_21039146	1	21039148	21039148	chr5	3.9669751835034	0	0.026
215	215	MASC04591	MASC04591	1	21260569	21260569	chr5	3.92810446430128	0	0.028
216	216	NMSNP5_21319032	NMSNP5_21319032	1	NA	NA	chr5	3.9286825017693	0	0.028
217	217	MN5_21415676	MN5_21415676	1	21415676	21415676	chr5	3.8688538597832	0	0.032
218	218	MN5_21718779	MN5_21718779	1	21718780	21718780	chr5	4.13150528974908	0	0.018
219	219	MN5_21719081	MN5_21719081	1	21719081	21719081	chr5	4.05604278716199	0	0.021
220	220	NMSNP5_21881149	NMSNP5_21881149	1	NA	NA	chr5	4.05918441638591	0	0.021
221	221	NMSNP5_21881254	NMSNP5_21881254	1	NA	NA	chr5	4.01714949322418	0	0.023
222	222	MN5_22040876	MN5_22040876	1	22040878	22040878	chr5	3.67260368066316	0	0.052
223	223	MN5_22116737	MN5_22116737	1	22116738	22116738	chr5	3.21713020168678	0	0.118
224	224	MN5_22318136	MN5_22318136	1	22318137	22318137	chr5	3.07829224945618	0.001	0.144
225	225	MN5_22414731	MN5_22414731	1	22414702	22414702	chr5	3.43583632491935	0	0.082
226	226	MN5_22415000	MN5_22415000	1	22415002	22415002	chr5	3.03305529093618	0	0.152
227	227	MN5_22627502	MN5_22627502	1	22627503	22627503	chr5	2.99787998396311	0.001	0.164
228	228	NMSNP5_22714522	NMSNP5_22714522	1	NA	NA	chr5	2.76160917574016	0.002	0.252
229	229	MN5_22714627	MN5_22714627	1	22714628	22714628	chr5	2.84376283415823	0.001	0.21
230	230	NMSNP5_22918841	NMSNP5_22918841	1	NA	NA	chr5	2.28410092339328	0.004	0.505
231	231	MN5_23029638	MN5_23029638	1	23029639	23029639	chr5	2.07417465287452	0.009	0.619
232	232	NMSNP5_23115566	NMSNP5_23115566	1	NA	NA	chr5	2.06530254067409	0.008	0.623
233	233	VIN3_2942	VIN3_2942	1	23263476	23263476	chr5	1.94820098989430	0.013	0.691
234	234	VIN3_2713	VIN3_2713	1	23263705	23263705	chr5	1.68678053395568	0.023	0.856
235	235	VIN3_1614	VIN3_1614	1	23264799	23264799	chr5	1.90276385044983	0.014	0.731
236	236	VIN3_300	VIN3_300	1	23266108	23266108	chr5	2.27835770879124	0.018	0.507
237	237	NMSNP5_23270994	NMSNP5_23270994	1	NA	NA	chr5	1.05960580367752	0.08	1
238	238	MASC04571	MASC04571	1	23318122	23318122	chr5	1.13886005577514	0.064	0.999
239	239	MN5_23413242	MN5_23413242	1	23413243	23413243	chr5	1.87288890863069	0.017	0.745
240	240	MASC01545	MASC01545	1	23418059	23418059	chr5	1.67882739968227	0.034	0.859
241	241	MASC01216	MASC01216	1	23576901	23576901	chr5	2.17375884473579	0.007	0.564
242	242	MN5_23722677	MN5_23722677	1	23722678	23722678	chr5	2.37105235327189	0.002	0.449
243	243	MN5_23722914	MN5_23722914	1	23722915	23722915	chr5	2.44344722014123	0.003	0.407
244	244	NMSNP5_23815532	NMSNP5_23815532	1	NA	NA	chr5	2.64080635434440	0.003	0.315
245	245	MN5_23815654	MN5_23815654	1	23815655	23815655	chr5	2.80774833611761	0.001	0.235
246	246	MASC01063	MASC01063	1	23827712	23827712	chr5	2.74176112431455	0.001	0.258
247	247	MN5_23920457	MN5_23920457	1	23920458	23920458	chr5	2.76991442679968	0.001	0.248
248	248	MN5_23920887	MN5_23920887	1	23920889	23920889	chr5	2.62997097777593	0.002	0.315
249	249	MASC01444	MASC01444	1	23946391	23946391	chr5	2.84096505166836	0.001	0.214
250	250	MN5_24131319	MN5_24131319	1	24131304	24131304	chr5	2.83985965851272	0.001	0.214
251	251	MASC04574	MASC04574	1	24313133	24313133	chr5	2.61430693366235	0.003	0.321
252	252	MASC04576	MASC04576	1	24374794	24374794	chr5	2.59015706053302	0.003	0.329
253	253	REV_596	REV_596	1	24418222	24418222	chr5	2.71425828584013	0.002	0.269
254	254	SGCSNP18826	SGCSNP18826	1	24515188	24515188	chr5	2.74686831941182	0.001	0.257
255	255	MN5_24832902	MN5_24832902	1	24832903	24832903	chr5	2.58998533877434	0.001	0.329
256	256	MN5_24833253	MN5_24833253	1	24833246	24833246	chr5	2.60587186457188	0.001	0.325
257	257	MASC01180	MASC01180	1	24853343	24853343	chr5	2.58737835316478	0.001	0.329
258	258	MASC02943	MASC02943	1	24861686	24861686	chr5	2.6277452150555	0.001	0.315
259	259	MASC07297	MASC07297	1	24931330	24931330	chr5	2.53642641921277	0.001	0.356
260	260	BFT_191	BFT_191	1	24939112	24939112	chr5	2.5499156380691	0	0.348
261	261	BFT_297	BFT_297	1	24939218	24939218	chr5	2.40437358726691	0.002	0.434
262	262	BFT_1187	BFT_1187	1	24940099	24940099	chr5	2.57444027651243	0	0.335
263	263	NMSNP5_24996685	NMSNP5_24996685	1	NA	NA	chr5	2.74878338113066	0	0.256
264	264	MN5_24996889	MN5_24996889	1	24996890	24996890	chr5	2.64235722831701	0	0.314
265	265	MASC07055	MASC07055	1	25038593	25038593	chr5	2.6634285310368	0	0.302
266	266	CDF1_2448	CDF1_2448	1	25086200	25086200	chr5	2.62146860926712	0	0.317
267	267	CDF1_2235	CDF1_2235	1	25086412	25086412	chr5	2.5902829010619	0.001	0.329
268	268	CDF1_1519	CDF1_1519	1	25087128	25087128	chr5	2.66720432860562	0	0.297
269	269	CDF1_943	CDF1_943	1	25087704	25087704	chr5	2.63253795311618	0.001	0.315
270	270	CDF1_696	CDF1_696	1	25087951	25087951	chr5	2.93339624398537	0	0.181
271	271	ELF5_3595	ELF5_3595	1	25166541	25166541	chr5	3.15034114932507	0	0.132
272	272	ELF5_3209	ELF5_3209	1	25166927	25166927	chr5	3.16432575707439	0	0.129
273	273	ELF5_3032	ELF5_3032	1	25167104	25167104	chr5	3.21152584119690	0	0.119
274	274	ELF5_2695	ELF5_2695	1	25167441	25167441	chr5	3.18969384241083	0	0.122
275	275	ELF5_1789	ELF5_1789	1	25168347	25168347	chr5	3.48387050808768	0	0.076
276	276	ELF5_1597	ELF5_1597	1	25168539	25168539	chr5	3.56647587296317	0	0.064
277	277	MASC02746	MASC02746	1	25227991	25227991	chr5	3.73755452468413	0	0.045
278	278	MASC01306	MASC01306	1	25557152	25557152	chr5	3.62363824767142	0	0.056
279	279	MASC04437	MASC04437	1	25564922	25564922	chr5	3.81324612679368	0	0.036
280	280	MASC01591	MASC01591	1	25813437	25813437	chr5	3.64785105490607	0	0.054
281	281	MN5_25819956	MN5_25819956	1	25819957	25819957	chr5	3.90251175531708	0	0.031
282	282	MN5_25963543	MN5_25963543	1	25963544	25963544	chr5	4.14699782492445	0	0.018
283	283	MN5_26029439	MN5_26029439	1	26029440	26029440	chr5	4.44524097157869	0	0.006
284	284	MN5_26121184	MN5_26121184	1	26121185	26121185	chr5	4.62940186823699	0	0.005
285	285	MN5_26220737	MN5_26220737	1	26220738	26220738	chr5	4.86013966441034	0	0.005
286	286	MN5_26379737	MN5_26379737	1	26379738	26379738	chr5	4.67035961013975	0	0.005
287	287	MN5_26380009	MN5_26380009	1	26380011	26380011	chr5	4.97014211006847	0	0.005
288	288	MN5_26437895	MN5_26437895	1	26437897	26437897	chr5	4.99298641981766	0	0.005
289	289	MN5_26438023	MN5_26438023	1	26438025	26438025	chr5	5.13602390494959	0	0.003
290	290	MN5_26708459	MN5_26708459	1	26708460	26708460	chr5	5.45960780033414	0	0.003
291	291	MN5_26877341	MN5_26877341	1	26877342	26877342	chr5	5.38106491031132	0	0.003
