from	to	from.marker	to.marker	width	from.bp	to.bp	chromosome	logP	pointwise.permute.pval	genomewide.permute.pval
1	1	MN1_29291	MN1_29291	1	29292	29292	chr1	0.842874619994259	0.137	1
2	2	MN1_29716	MN1_29716	1	29758	29758	chr1	0.860439078228915	0.133	1
3	3	MN1_112907	MN1_112907	1	112908	112908	chr1	0.977218897734878	0.107	1
4	4	MASC03771	MASC03771	1	174606	174606	chr1	1.08695823214756	0.078	0.994
5	5	MN1_197787	MN1_197787	1	197788	197788	chr1	1.04236284601005	0.091	0.996
6	6	MN1_340810	MN1_340810	1	340811	340811	chr1	1.07115330347243	0.085	0.995
7	7	MN1_395107	MN1_395107	1	395108	395108	chr1	1.10099128272226	0.077	0.993
8	8	MN1_444820	MN1_444820	1	444765	444765	chr1	1.05379112487484	0.092	0.996
9	9	MN1_494205	MN1_494205	1	494206	494206	chr1	1.25373994208882	0.064	0.982
10	10	MN1_592863	MN1_592863	1	592868	592868	chr1	1.49411173630763	0.036	0.921
11	11	MN1_592760	MN1_592760	1	592985	592985	chr1	1.35969130279593	0.05	0.957
12	12	BKN118	BKN118	1	761585	761585	chr1	1.26458925290915	0.055	0.98
13	13	MN1_1042427	MN1_1042427	1	1042428	1042428	chr1	1.12288808247426	0.071	0.993
14	14	CRY2_1021	CRY2_1021	1	1187842	1187842	chr1	1.01681991144029	0.088	0.997
15	15	CRY2_429	CRY2_429	1	1188434	1188434	chr1	0.964653264105815	0.099	1
16	16	MASC07014	MASC07014	1	1189375	1189375	chr1	0.990528388169671	0.089	0.999
17	17	MASC03609	MASC03609	1	1226551	1226551	chr1	0.91675553982961	0.109	1
18	18	MN1_1296068	MN1_1296068	1	1296069	1296069	chr1	0.884745028441693	0.122	1
19	19	MN1_1399466	MN1_1399466	1	1399467	1399467	chr1	0.789004703616148	0.164	1
20	20	AXR1_381	AXR1_381	1	1500228	1500228	chr1	0.665438408297234	0.206	1
21	21	MASC07424	MASC07424	1	1503000	1503000	chr1	0.686545512274464	0.199	1
22	22	MASC07283	MASC07283	1	1559682	1559682	chr1	0.566692009904986	0.248	1
23	23	MN1_1602026	MN1_1602026	1	1602027	1602027	chr1	0.640100613993432	0.223	1
24	24	MN1_1844838	MN1_1844838	1	1844839	1844839	chr1	0.463411170312913	0.335	1
25	25	MASC00879	MASC00879	1	1893391	1893391	chr1	0.497891816763527	0.314	1
26	26	MN1_1945105	MN1_1945105	1	1945101	1945101	chr1	0.489280555998333	0.328	1
27	27	MASC07329	MASC07329	1	1968826	1968826	chr1	0.62399209727985	0.235	1
28	28	MN1_2211127	MN1_2211127	1	2211127	2211127	chr1	0.584404981624668	0.258	1
29	29	MASC03758	MASC03758	1	2312696	2312696	chr1	0.634425685027829	0.23	1
30	30	MASC03812	MASC03812	1	2412530	2412530	chr1	0.605299779139683	0.247	1
31	31	MN1_2547756	MN1_2547756	1	2547757	2547757	chr1	0.626378870579178	0.235	1
32	32	MN1_2548265	MN1_2548265	1	2548242	2548242	chr1	0.648977403091485	0.219	1
33	33	MN1_2696683	MN1_2696683	1	2696676	2696676	chr1	0.676769542633562	0.193	1
34	34	NMSNP1_2844525	NMSNP1_2844525	1	NA	NA	chr1	0.646623669782492	0.209	1
35	35	MN1_2991816	MN1_2991816	1	2991817	2991817	chr1	0.638666569930934	0.212	1
36	36	MN1_3041659	MN1_3041659	1	3041654	3041654	chr1	0.626182592821384	0.227	1
37	37	PHYA_6473	PHYA_6473	1	3095020	3095020	chr1	0.518820062238306	0.297	1
38	38	PHYA_924	PHYA_924	1	3100564	3100564	chr1	0.48559567768493	0.329	1
39	39	PHYA_119	PHYA_119	1	3101309	3101309	chr1	0.49740656577317	0.306	1
40	40	MN1_3169209	MN1_3169209	1	3169210	3169210	chr1	0.419250762051843	0.373	1
41	41	MN1_3229670	MN1_3229670	1	3229849	3229849	chr1	0.466951751066199	0.324	1
42	42	MN1_3294749	MN1_3294749	1	3294750	3294750	chr1	0.516954087646706	0.284	1
43	43	MN1_3398242	MN1_3398242	1	3398243	3398243	chr1	0.573628840299797	0.253	1
44	44	MASC09203	MASC09203	1	3487276	3487276	chr1	0.622225535247938	0.22	1
45	45	MASC00490	MASC00490	1	3502817	3502817	chr1	0.585584432978867	0.246	1
46	46	MN1_3503859	MN1_3503859	1	3503860	3503860	chr1	0.564388068105065	0.257	1
47	47	MN1_3645500	MN1_3645500	1	3645501	3645501	chr1	0.622665605705526	0.225	1
48	48	MN1_3678711	MN1_3678711	1	3678712	3678712	chr1	0.612871859195415	0.225	1
49	49	MN1_3798407	MN1_3798407	1	3798408	3798408	chr1	0.620914842592842	0.217	1
50	50	MN1_3872522	MN1_3872522	1	3872523	3872523	chr1	0.607251141297531	0.233	1
51	51	MN1_3941311	MN1_3941311	1	3941312	3941312	chr1	0.517332553982704	0.282	1
52	52	MN1_4041372	MN1_4041372	1	4041373	4041373	chr1	0.421618464061666	0.375	1
53	53	MN1_4096221	MN1_4096221	1	4096220	4096220	chr1	0.387406780892595	0.414	1
54	54	MN1_4142767	MN1_4142767	1	4142767	4142767	chr1	0.449261656384927	0.328	1
55	55	MN1_4248888	MN1_4248888	1	4248889	4248889	chr1	0.454815877764248	0.326	1
56	56	MN1_4317541	MN1_4317541	1	4317529	4317529	chr1	0.478009232305296	0.303	1
57	57	MN1_4396426	MN1_4396426	1	4396426	4396426	chr1	0.470391160914332	0.311	1
58	58	MN1_4529322	MN1_4529322	1	4529323	4529323	chr1	0.444020769957093	0.336	1
59	59	MN1_4569396	MN1_4569396	1	4569397	4569397	chr1	0.45328890016387	0.334	1
60	60	MN1_4671355	MN1_4671355	1	4671356	4671356	chr1	0.547780149668455	0.284	1
61	61	MN1_4947324	MN1_4947324	1	4947324	4947324	chr1	0.55776581532655	0.272	1
62	62	MN1_4992106	MN1_4992106	1	4992107	4992107	chr1	0.594890987239037	0.248	1
63	63	MN1_5095606	MN1_5095606	1	5095607	5095607	chr1	0.544775262177178	0.278	1
64	64	GAI_173	GAI_173	1	5148222	5148222	chr1	0.457944773820691	0.334	1
65	65	GAI_2211	GAI_2211	1	5150177	5150177	chr1	0.458843767072054	0.339	1
66	66	MN1_5206767	MN1_5206767	1	5206768	5206768	chr1	0.417147067318487	0.365	1
67	67	MN1_5206981	MN1_5206981	1	5206982	5206982	chr1	0.373577151426685	0.402	1
68	68	MN1_5290742	MN1_5290742	1	5290743	5290743	chr1	0.36194626683321	0.411	1
69	69	MASC00816	MASC00816	1	5401398	5401398	chr1	0.324859809038	0.446	1
70	70	MASC00820	MASC00820	1	5447587	5447587	chr1	0.301416990287335	0.467	1
71	71	MN1_5482065	MN1_5482065	1	5482063	5482063	chr1	0.343149382515243	0.421	1
72	72	SPS1_151	SPS1_151	1	5608983	5608983	chr1	0.312699765447901	0.455	1
73	73	MN1_5628735	MN1_5628735	1	5628736	5628736	chr1	0.331025497867323	0.438	1
74	74	MN1_5669326	MN1_5669326	1	5669327	5669327	chr1	0.368143032848946	0.397	1
75	75	MN1_5860106	MN1_5860106	1	5860196	5860196	chr1	0.25684851087683	0.53	1
76	76	MN1_5860511	MN1_5860511	1	5860512	5860512	chr1	0.271674356372757	0.507	1
77	77	MASC00503	MASC00503	1	5878615	5878615	chr1	0.258623537140986	0.519	1
78	78	MASC02743	MASC02743	1	5898230	5898230	chr1	0.229252652670936	0.551	1
79	79	MN1_5923042	MN1_5923042	1	5923042	5923042	chr1	0.202147596526856	0.596	1
80	80	NMSNP1_5923293	NMSNP1_5923293	1	NA	NA	chr1	0.284493261246452	0.487	1
81	81	MFT_113	MFT_113	1	6227478	6227478	chr1	0.218115690254857	0.576	1
82	82	MFT_668	MFT_668	1	6228033	6228033	chr1	0.229649385651544	0.563	1
83	83	MFT_2488	MFT_2488	1	6229825	6229825	chr1	0.233826120814183	0.559	1
84	84	MFT_3459	MFT_3459	1	6230790	6230790	chr1	0.289995941675000	0.49	1
85	85	BUD1_34	BUD1_34	1	6315843	6315843	chr1	0.306894183628922	0.474	1
86	86	BUD1_348	BUD1_348	1	6316157	6316157	chr1	0.399441291047206	0.375	1
87	87	MASC03577	MASC03577	1	6672676	6672676	chr1	0.406499351244959	0.369	1
88	88	MASC04085	MASC04085	1	6826500	6826500	chr1	0.414723009327072	0.372	1
89	89	NMSNP1_6833309	NMSNP1_6833309	1	NA	NA	chr1	0.453538265381364	0.349	1
90	90	MP_68	MP_68	1	6889606	6889606	chr1	0.527013342608274	0.293	1
91	91	MASC07242	MASC07242	1	6940520	6940520	chr1	0.647921243466875	0.225	1
92	92	NMSNP1_6941245	NMSNP1_6941245	1	NA	NA	chr1	0.511441061016467	0.302	1
93	93	NMSNP1_7096171	NMSNP1_7096171	1	NA	NA	chr1	0.569326674937815	0.258	1
94	94	MASC1	MASC1	1	7301067	7301067	chr1	0.531409444686928	0.281	1
95	95	MASC2	MASC2	1	7497681	7497681	chr1	0.636191667312888	0.213	1
96	96	NMSNP1_7672828	NMSNP1_7672828	1	NA	NA	chr1	0.676393818832731	0.195	1
97	97	NMSNP1_7735482	NMSNP1_7735482	1	NA	NA	chr1	0.876301538434885	0.133	1
98	98	GI_123	GI_123	1	8060816	8060816	chr1	0.993284975277795	0.092	0.999
99	99	GI_511	GI_511	1	8061201	8061201	chr1	1.09539806453475	0.07	0.993
100	100	GI_2067	GI_2067	1	8062723	8062723	chr1	1.13779923204452	0.064	0.992
101	101	GI_2186	GI_2186	1	8062842	8062842	chr1	1.39834204289837	0.034	0.947
102	102	GI_5292	GI_5292	1	8065930	8065930	chr1	1.16643995506662	0.064	0.991
103	103	BKN923	BKN923	1	8385007	8385007	chr1	1.06315600498674	0.076	0.996
104	104	PFT1_6609	PFT1_6609	1	8969343	8969343	chr1	1.12446258002519	0.069	0.993
105	105	PFT1_5341	PFT1_5341	1	8970569	8970569	chr1	1.40219556875940	0.038	0.947
106	106	PFT1_3782	PFT1_3782	1	8972128	8972128	chr1	1.42014527932606	0.038	0.942
107	107	PFT1_2195	PFT1_2195	1	8973715	8973715	chr1	1.46890777582137	0.034	0.93
108	108	PFT1_1656	PFT1_1656	1	8974254	8974254	chr1	1.69411858415832	0.021	0.835
109	109	PFT1_1066	PFT1_1066	1	8974843	8974843	chr1	1.70917614258165	0.019	0.824
110	110	CAL_454	CAL_454	1	9101749	9101749	chr1	1.82874629789629	0.018	0.752
111	111	SGCSNP17579	SGCSNP17579	1	9240802	9240802	chr1	1.90953696962781	0.013	0.702
112	112	MASC05303	MASC05303	1	9362040	9362040	chr1	2.0307534681785	0.007	0.607
113	113	MASC00393	MASC00393	1	9516363	9516363	chr1	2.45377360986353	0.001	0.35
114	114	MASC04947	MASC04947	1	9600391	9600391	chr1	2.63146192984109	0.002	0.267
115	115	NMSNP1_9973291	NMSNP1_9973291	1	NA	NA	chr1	2.95992601671913	0.001	0.128
116	116	MN1_10095364	MN1_10095364	1	10095364	10095364	chr1	3.13351463710979	0	0.1
117	117	MN1_10176455	MN1_10176455	1	10176456	10176456	chr1	3.02237428316046	0	0.115
118	118	MN1_10423523	MN1_10423523	1	10423524	10423524	chr1	3.10224857907697	0	0.105
119	119	MN1_10423673	MN1_10423673	1	10423675	10423675	chr1	2.92497353761152	0.001	0.139
120	120	MN1_10547598	MN1_10547598	1	10547599	10547599	chr1	2.81342639762008	0.001	0.179
121	121	NMSNP1_10720273	NMSNP1_10720273	1	NA	NA	chr1	2.55615375894947	0.002	0.302
122	122	MN1_10841443	MN1_10841443	1	10841444	10841444	chr1	2.45791748717927	0.003	0.347
123	123	MN1_10983877	MN1_10983877	1	10983863	10983863	chr1	2.39318791139401	0.003	0.387
124	124	NMSNP1_11037297	NMSNP1_11037297	1	NA	NA	chr1	2.30903943105733	0.004	0.442
125	125	MASC03534	MASC03534	1	11037670	11037670	chr1	2.39051714472279	0.003	0.389
126	126	MASC02650	MASC02650	1	11070715	11070715	chr1	2.48347521768618	0.002	0.337
127	127	MN1_11160016	MN1_11160016	1	11159764	11159764	chr1	2.59734993585397	0.003	0.287
128	128	MN1_11159773	MN1_11159773	1	11159834	11159834	chr1	2.74711135254278	0.002	0.2
129	129	MASC01991	MASC01991	1	11215257	11215257	chr1	2.48252357212183	0.002	0.339
130	130	NMSNP1_11399885	NMSNP1_11399885	1	NA	NA	chr1	2.60698104821439	0.002	0.283
131	131	FRL2_2232	FRL2_2232	1	11412655	11412655	chr1	2.54132394156306	0.005	0.305
132	132	MN1_11466199	MN1_11466199	1	11466167	11466167	chr1	2.46171107684246	0.004	0.343
133	133	MN1_11553514	MN1_11553514	1	11553515	11553515	chr1	2.44905250931601	0.004	0.356
134	134	MN1_11655695	MN1_11655695	1	11655520	11655520	chr1	2.11061184190200	0.009	0.551
135	135	MN1_11850148	MN1_11850148	1	11850149	11850149	chr1	1.96024852082149	0.012	0.664
136	136	MN1_12093546	MN1_12093546	1	12093547	12093547	chr1	1.87742530688087	0.01	0.719
137	137	MASC00317	MASC00317	1	12207998	12207998	chr1	1.39690077897742	0.028	0.947
138	138	PERL0107626	PERL0107626	1	12646729	12646729	chr1	1.4226259369694	0.028	0.942
139	139	MN1_12892627	MN1_12892627	1	12892621	12892621	chr1	1.25958087533101	0.043	0.981
140	140	NMSNP1_13090493	NMSNP1_13090493	1	NA	NA	chr1	1.19956434658104	0.055	0.987
141	141	SGCSNP10165	SGCSNP10165	1	13201132	13201132	chr1	1.12487768746870	0.07	0.992
142	142	MASC03490	MASC03490	1	13218353	13218353	chr1	1.04883187858009	0.092	0.996
143	143	MN1_13541819	MN1_13541819	1	13541820	13541820	chr1	1.04047997817418	0.09	0.996
144	144	MN1_13671674	MN1_13671674	1	13671675	13671675	chr1	0.978985657960717	0.105	1
145	145	MASC02571	MASC02571	1	13833393	13833393	chr1	1.06108567504287	0.087	0.996
146	146	MASC02577	MASC02577	1	13833649	13833649	chr1	0.942714602338504	0.111	1
147	147	MN1_14162893	MN1_14162893	1	14162894	14162894	chr1	1.01009623668152	0.099	0.998
148	148	PERL0126101	PERL0126101	1	14924928	14924928	chr1	1.33188160044767	0.053	0.964
149	149	PERL0126888	PERL0126888	1	15527887	15527887	chr1	1.37588762362722	0.046	0.953
150	150	PERL0128810	PERL0128810	1	15768057	15768057	chr1	1.45804778004677	0.042	0.934
151	151	MASC04128	MASC04128	1	15930563	15930563	chr1	1.52271146079595	0.034	0.911
152	152	NMSNP1_15977186	NMSNP1_15977186	1	NA	NA	chr1	1.46615241324237	0.037	0.931
153	153	MASC03083	MASC03083	1	16130993	16130993	chr1	1.48786347899366	0.035	0.924
154	154	PERL0132168	PERL0132168	1	16137368	16137368	chr1	1.64512901292537	0.023	0.86
155	155	PERL0133385	PERL0133385	1	16254223	16254223	chr1	1.80417881352276	0.014	0.763
156	156	MASC04211	MASC04211	1	16646979	16646979	chr1	1.93408835092370	0.011	0.682
157	157	MASC06784	MASC06784	1	16874328	16874328	chr1	1.95211233461218	0.012	0.67
158	158	MN1_16874540	MN1_16874540	1	16874541	16874541	chr1	2.13315294923666	0.012	0.539
159	159	MN1_17151137	MN1_17151137	1	17151138	17151138	chr1	1.94542921778143	0.012	0.674
160	160	MN1_17181992	MN1_17181992	1	17181985	17181985	chr1	2.13346279357778	0.008	0.538
161	161	PERL0147872	PERL0147872	1	17476656	17476656	chr1	2.07605162302558	0.008	0.576
162	162	MN1_17682799	MN1_17682799	1	17682800	17682800	chr1	1.56406275492379	0.028	0.897
163	163	MN1_17880459	MN1_17880459	1	17880460	17880460	chr1	1.53572484278100	0.027	0.907
164	164	MN1_18040860	MN1_18040860	1	18040861	18040861	chr1	1.52562328942282	0.029	0.91
165	165	MN1_18232105	MN1_18232105	1	18232105	18232105	chr1	1.20845577942224	0.068	0.986
166	166	MN1_18632912	MN1_18632912	1	18632907	18632907	chr1	1.35049300706126	0.049	0.959
167	167	MN1_18633081	MN1_18633081	1	18633076	18633076	chr1	1.38103191714603	0.047	0.951
168	168	MASC00545	MASC00545	1	18947634	18947634	chr1	1.36486977055010	0.049	0.955
169	169	MN1_19400778	MN1_19400778	1	19400777	19400777	chr1	1.51820783890465	0.038	0.915
170	170	MASC00855	MASC00855	1	19438636	19438636	chr1	2.01293999964259	0.014	0.621
171	171	MN1_19506032	MN1_19506032	1	19506033	19506033	chr1	1.93407510889456	0.015	0.682
172	172	MN1_19519292	MN1_19519292	1	19519343	19519343	chr1	1.77397511039421	0.023	0.787
173	173	MN1_19782301	MN1_19782301	1	19782459	19782459	chr1	1.85464147010565	0.018	0.736
174	174	MN1_19782567	MN1_19782567	1	19782568	19782568	chr1	1.92432818240398	0.015	0.689
175	175	MASC03754	MASC03754	1	20030865	20030865	chr1	2.16965747645141	0.008	0.52
176	176	MASC01983	MASC01983	1	20139509	20139509	chr1	2.30774410151783	0.006	0.444
177	177	MN1_20174828	MN1_20174828	1	20174829	20174829	chr1	2.57999616599459	0.005	0.294
178	178	NMSNP1_20175347	NMSNP1_20175347	1	NA	NA	chr1	2.55123843455679	0.005	0.302
179	179	MASC00497	MASC00497	1	20314114	20314114	chr1	2.6693129946032	0.004	0.246
180	180	PERL0172350	PERL0172350	1	20357576	20357576	chr1	2.58058999979037	0.006	0.294
181	181	PERL0173191	PERL0173191	1	20514445	20514445	chr1	2.42615980930822	0.007	0.372
182	182	PERL0174281	PERL0174281	1	20686612	20686612	chr1	2.02733484971237	0.014	0.608
183	183	MASC03676	MASC03676	1	20766165	20766165	chr1	1.81032312255659	0.021	0.76
184	184	MASC00513	MASC00513	1	20806858	20806858	chr1	1.80084152979983	0.02	0.767
185	185	MASC07288	MASC07288	1	20971834	20971834	chr1	1.74947804002332	0.021	0.802
186	186	MN1_21079881	MN1_21079881	1	21079882	21079882	chr1	1.79808122111888	0.019	0.767
187	187	MN1_21080288	MN1_21080288	1	21080289	21080289	chr1	1.89450298387083	0.016	0.712
188	188	MASC00290	MASC00290	1	21140728	21140728	chr1	1.82840878194963	0.018	0.752
189	189	MASC07198	MASC07198	1	21381939	21381939	chr1	1.90223069302332	0.017	0.708
190	190	NMSNP1_21401093	NMSNP1_21401093	1	NA	NA	chr1	1.80684438215018	0.019	0.763
191	191	NMSNP1_21401646	NMSNP1_21401646	1	NA	NA	chr1	1.81665136538759	0.019	0.757
192	192	MN1_21669171	MN1_21669171	1	21669172	21669172	chr1	1.97763115435372	0.012	0.652
193	193	MN1_21669564	MN1_21669564	1	21669565	21669565	chr1	1.53605961932116	0.029	0.907
194	194	MN1_21908389	MN1_21908389	1	21908604	21908604	chr1	1.07970780220071	0.083	0.994
195	195	MN1_21944762	MN1_21944762	1	21944763	21944763	chr1	0.943150995777828	0.114	1
196	196	NMSNP1_22283511	NMSNP1_22283511	1	NA	NA	chr1	0.98714458138863	0.098	1
197	197	MASC04170	MASC04170	1	22289897	22289897	chr1	0.87958557951347	0.134	1
198	198	MASC02598	MASC02598	1	22290232	22290232	chr1	0.863109623346264	0.132	1
199	199	MN1_22354107	MN1_22354107	1	22354108	22354108	chr1	0.651873226662617	0.23	1
200	200	NMSNP1_22388154	NMSNP1_22388154	1	NA	NA	chr1	0.553143922442237	0.277	1
201	201	MN1_22971216	MN1_22971216	1	22971216	22971216	chr1	0.380175583134161	0.401	1
202	202	MN1_23077276	MN1_23077276	1	23077275	23077275	chr1	0.3926601295197	0.387	1
203	203	MN1_23270514	MN1_23270514	1	23270515	23270515	chr1	0.355955383154088	0.422	1
204	204	MN1_23270852	MN1_23270852	1	23270632	23270632	chr1	0.352089537979696	0.427	1
205	205	MN1_23474588	MN1_23474588	1	23474584	23474584	chr1	0.312162615745563	0.474	1
206	206	MN1_23820732	MN1_23820732	1	23820733	23820733	chr1	0.298541238578554	0.493	1
207	207	MN1_23893336	MN1_23893336	1	23893337	23893337	chr1	0.402442347789143	0.375	1
208	208	MASC03447	MASC03447	1	24040919	24040919	chr1	0.473911355106538	0.319	1
209	209	MN1_24322296	MN1_24322296	1	24322358	24322358	chr1	0.506549898122419	0.302	1
210	210	FT_585	FT_585	1	24334363	24334363	chr1	0.506122177301947	0.297	1
211	211	FT_1643	FT_1643	1	24335382	24335382	chr1	0.488519866812893	0.309	1
212	212	FT_2940	FT_2940	1	24336669	24336669	chr1	0.474870858620522	0.317	1
213	213	FT_3485	FT_3485	1	24337212	24337212	chr1	0.407331728950919	0.369	1
214	214	NMSNP1_24396180	NMSNP1_24396180	1	NA	NA	chr1	0.381217670121850	0.403	1
215	215	MN1_24468414	MN1_24468414	1	24468415	24468415	chr1	0.380514909483473	0.406	1
216	216	NMSNP1_24526295	NMSNP1_24526295	1	NA	NA	chr1	0.403402156699898	0.376	1
217	217	MN1_24694673	MN1_24694673	1	24694674	24694674	chr1	0.401018295014487	0.385	1
218	218	NMSNP1_24738247	NMSNP1_24738247	1	NA	NA	chr1	0.308738278251480	0.471	1
219	219	RGL1_1171	RGL1_1171	1	24751936	24751936	chr1	0.329080914146296	0.455	1
220	220	RGL1_1511	RGL1_1511	1	24752276	24752276	chr1	0.368630717691015	0.419	1
221	221	MN1_24795166	MN1_24795166	1	24795167	24795167	chr1	0.33683462339265	0.452	1
222	222	SGCSNP10530	SGCSNP10530	1	25031165	25031165	chr1	0.698469888170006	0.206	1
223	223	MN1_25375953	MN1_25375953	1	25375952	25375952	chr1	0.556765286519434	0.281	1
224	224	MN1_25487722	MN1_25487722	1	25487722	25487722	chr1	0.604483791095442	0.251	1
225	225	FKF1_447	FKF1_447	1	25511762	25511762	chr1	0.533461007808518	0.296	1
226	226	FKF1_606	FKF1_606	1	25511891	25511891	chr1	0.559018842983807	0.262	1
227	227	FKF1_2281	FKF1_2281	1	25513560	25513560	chr1	0.857685168450575	0.135	1
228	228	MASC00557	MASC00557	1	25738759	25738759	chr1	0.532316565663638	0.299	1
229	229	PERL0234167	PERL0234167	1	25741450	25741450	chr1	0.599521506551341	0.266	1
230	230	PERL0235052	PERL0235052	1	25853591	25853591	chr1	0.791891693801661	0.169	1
231	231	PERL0236029	PERL0236029	1	25979570	25979570	chr1	0.823028045957931	0.153	1
232	232	MN1_26278413	MN1_26278413	1	26278414	26278414	chr1	0.82293499272477	0.151	1
233	233	MASC00516	MASC00516	1	26408790	26408790	chr1	0.910806286905077	0.122	1
234	234	MASC03684	MASC03684	1	26450427	26450427	chr1	0.975633288000091	0.109	1
235	235	MN1_26454394	MN1_26454394	1	26454392	26454392	chr1	1.11998906858964	0.08	0.993
236	236	MASC02946	MASC02946	1	26507545	26507545	chr1	1.20070683684616	0.068	0.987
237	237	NMSNP1_26685638	NMSNP1_26685638	1	NA	NA	chr1	1.26290504824409	0.057	0.98
238	238	MN1_26787727	MN1_26787727	1	26787728	26787728	chr1	1.02082297415215	0.103	0.997
239	239	MN1_26795231	MN1_26795231	1	26795232	26795232	chr1	1.36841854057412	0.043	0.954
240	240	MASC00553	MASC00553	1	26799323	26799323	chr1	1.00068443198408	0.095	0.999
241	241	NMSNP1_26894598	NMSNP1_26894598	1	NA	NA	chr1	0.976205632899713	0.105	1
242	242	MASC02765	MASC02765	1	26972608	26972608	chr1	0.969595107000197	0.105	1
243	243	MN1_26993261	MN1_26993261	1	26993243	26993243	chr1	1.17091322176040	0.06	0.989
244	244	MN1_27251404	MN1_27251404	1	27251405	27251405	chr1	0.926625586981878	0.119	1
245	245	MN1_27291170	MN1_27291170	1	27291171	27291171	chr1	1.22801911611291	0.054	0.984
246	246	MN1_27650077	MN1_27650077	1	27650078	27650078	chr1	1.14897264776897	0.068	0.991
247	247	MASC00664	MASC00664	1	27803119	27803119	chr1	1.10364533612413	0.073	0.993
248	248	NMSNP1_27855784	NMSNP1_27855784	1	NA	NA	chr1	1.02412590305042	0.091	0.996
249	249	MASC00850	MASC00850	1	28140438	28140438	chr1	0.99303844932822	0.098	0.999
250	250	MN1_28190283	MN1_28190283	1	28190284	28190284	chr1	1.07226699986032	0.084	0.995
251	251	MN1_28408707	MN1_28408707	1	28408708	28408708	chr1	1.08718545551728	0.084	0.994
252	252	MN1_28584258	MN1_28584258	1	28584259	28584259	chr1	1.02789628410108	0.099	0.996
253	253	MASC02069	MASC02069	1	28598296	28598296	chr1	1.08194511746832	0.083	0.994
254	254	MN1_28666837	MN1_28666837	1	28666838	28666838	chr1	1.11736170961790	0.069	0.993
255	255	SGCSNP10779	SGCSNP10779	1	28835488	28835488	chr1	1.06711046321933	0.075	0.995
256	256	MASC03765	MASC03765	1	28889762	28889762	chr1	1.08851999374675	0.065	0.994
257	257	MASC04717	MASC04717	1	28980496	28980496	chr1	1.13328387989901	0.062	0.992
258	258	MN1_29326678	MN1_29326678	1	29326608	29326608	chr1	1.00720361290917	0.086	0.998
259	259	MN1_29326774	MN1_29326774	1	29326773	29326773	chr1	1.13708500500663	0.067	0.992
260	260	NMSNP1_29393465	NMSNP1_29393465	1	NA	NA	chr1	1.11191490219214	0.07	0.993
261	261	MASC00675	MASC00675	1	29489827	29489827	chr1	1.11481965191718	0.073	0.993
262	262	MASC07393	MASC07393	1	29491814	29491814	chr1	1.08746292636936	0.075	0.994
263	263	MN1_29496859	MN1_29496859	1	29496860	29496860	chr1	1.00272776634583	0.09	0.999
264	264	MN1_29612426	MN1_29612426	1	29612427	29612427	chr1	0.926458703902659	0.108	1
265	265	MN1_29696345	MN1_29696345	1	29696346	29696346	chr1	0.776411952455428	0.161	1
266	266	MASC07257	MASC07257	1	29818888	29818888	chr1	0.72358726657872	0.189	1
267	267	NMSNP1_29898175	NMSNP1_29898175	1	NA	NA	chr1	0.778261723984293	0.161	1
268	268	MN1_30049220	MN1_30049220	1	30049221	30049221	chr1	0.723706727837505	0.174	1
269	269	MN1_30116495	MN1_30116495	1	30116496	30116496	chr1	0.756901158447215	0.167	1
270	270	MN1_30214313	MN1_30214313	1	30214314	30214314	chr1	0.784797320849588	0.149	1
271	271	MN1_30312456	MN1_30312456	1	30312457	30312457	chr1	0.771460170811787	0.158	1
272	272	MN1_30312683	MN1_30312683	1	30312684	30312684	chr1	0.827298996531099	0.135	1
273	273	MASC02050	MASC02050	1	30319942	30319942	chr1	0.82679562345232	0.134	1
274	274	MASC09206	MASC09206	1	30353096	30353096	chr1	0.805028759643296	0.143	1
1	1	RGA_2019	RGA_2019	1	256331	256331	chr2	0.37661129299504	0.442	1
2	2	RGA_1671	RGA_1671	1	256679	256679	chr2	0.43671706534263	0.376	1
3	3	RGA_1023	RGA_1023	1	257327	257327	chr2	0.466689598780282	0.34	1
4	4	MN2_285851	MN2_285851	1	285852	285852	chr2	0.465918684714772	0.347	1
5	5	MN2_286127	MN2_286127	1	286129	286129	chr2	0.406209660868289	0.394	1
6	6	NMSNP2_311254	NMSNP2_311254	1	NA	NA	chr2	0.396349115086537	0.404	1
7	7	MN2_311552	MN2_311552	1	311554	311554	chr2	0.375781088064256	0.43	1
8	8	MN2_322690	MN2_322690	1	322691	322691	chr2	0.314982578471682	0.499	1
9	9	MN2_347772	MN2_347772	1	347764	347764	chr2	0.31993962296877	0.497	1
10	10	NMSNP2_453319	NMSNP2_453319	1	NA	NA	chr2	0.508207848547716	0.309	1
11	11	MN2_592845	MN2_592845	1	592840	592840	chr2	0.54535134593118	0.272	1
12	12	MN2_694239	MN2_694239	1	694241	694241	chr2	0.497409054125507	0.311	1
13	13	MN2_764549	MN2_764549	1	764529	764529	chr2	0.508083263527046	0.298	1
14	14	NMSNP2_839805	NMSNP2_839805	1	NA	NA	chr2	0.577336928391959	0.25	1
15	15	MN2_948609	MN2_948609	1	948610	948610	chr2	0.606624497172758	0.232	1
16	16	MASC05477	MASC05477	1	1125046	1125046	chr2	0.692893786396175	0.191	1
17	17	MN2_1149628	MN2_1149628	1	1149629	1149629	chr2	0.559729340855856	0.27	1
18	18	MN2_1737583	MN2_1737583	1	1737584	1737584	chr2	0.442205975964822	0.351	1
19	19	MN2_1798378	MN2_1798378	1	1798380	1798380	chr2	0.57662442258054	0.268	1
20	20	NMSNP2_1798607	NMSNP2_1798607	1	NA	NA	chr2	0.566247024342093	0.268	1
21	21	MASC06808	MASC06808	1	2026926	2026926	chr2	0.678833371926236	0.198	1
22	22	MN2_2270500	MN2_2270500	1	2270501	2270501	chr2	0.797148448396459	0.143	1
23	23	MN2_2615632	MN2_2615632	1	2615633	2615633	chr2	0.920128289644285	0.108	1
24	24	MASC05962	MASC05962	1	2996449	2996449	chr2	1.07985610337364	0.078	0.994
25	25	MASC05827	MASC05827	1	3052992	3052992	chr2	1.34451638939597	0.046	0.963
26	26	MASC03060	MASC03060	1	3173449	3173449	chr2	1.31159037975348	0.047	0.972
27	27	MASC05803	MASC05803	1	3531979	3531979	chr2	1.22893376661146	0.057	0.984
28	28	SGCSNP1828	SGCSNP1828	1	3785639	3785639	chr2	1.05935890297312	0.084	0.996
29	29	MASC05711	MASC05711	1	3818393	3818393	chr2	0.640222079610198	0.225	1
30	30	MASC05848	MASC05848	1	3933118	3933118	chr2	0.374050013263957	0.409	1
31	31	NMSNP2_3946439	NMSNP2_3946439	1	NA	NA	chr2	0.534199641101921	0.282	1
32	32	MASC05857	MASC05857	1	4263348	4263348	chr2	0.6325050505942	0.236	1
33	33	MN2_4354465	MN2_4354465	1	4354466	4354466	chr2	0.600069411078537	0.25	1
34	34	MN2_4354824	MN2_4354824	1	4354822	4354822	chr2	0.97393199438562	0.111	1
35	35	MASC05420	MASC05420	1	4600612	4600612	chr2	1.04856253627782	0.092	0.996
36	36	MN2_5085768	MN2_5085768	1	5085769	5085769	chr2	1.13994332381609	0.073	0.992
37	37	MASC05360	MASC05360	1	5186438	5186438	chr2	1.02648571219318	0.097	0.996
38	38	MN2_5250093	MN2_5250093	1	5250094	5250094	chr2	0.999955205024273	0.109	0.999
39	39	MASC05766	MASC05766	1	5674062	5674062	chr2	1.28640180343766	0.053	0.976
40	40	NMSNP2_6032798	NMSNP2_6032798	1	NA	NA	chr2	1.39759827036341	0.045	0.947
41	41	MASC07357	MASC07357	1	6161913	6161913	chr2	1.53541544095091	0.029	0.907
42	42	MN2_6654226	MN2_6654226	1	6654228	6654228	chr2	1.44093569869879	0.036	0.94
43	43	MASC05757	MASC05757	1	6831344	6831344	chr2	4.3010362541892	0	0.009
44	44	MN2_7072735	MN2_7072735	1	7072737	7072737	chr2	4.01120011936309	0	0.018
45	45	MASC05443	MASC05443	1	7089311	7089311	chr2	4.21138779759019	0	0.01
46	46	NMSNP2_7150490	NMSNP2_7150490	1	NA	NA	chr2	4.80475071986963	0	0.006
47	47	MASC05484	MASC05484	1	7172479	7172479	chr2	4.68184260028865	0	0.006
48	48	MN2_7551582	MN2_7551582	1	7551584	7551584	chr2	4.49997408435764	0	0.006
49	49	MN2_7650227	MN2_7650227	1	7650229	7650229	chr2	4.2221370904076	0	0.01
50	50	FDP_22	FDP_22	1	7729169	7729169	chr2	3.88266280172304	0	0.021
51	51	FDP_354	FDP_354	1	7729501	7729501	chr2	4.04127785906158	0	0.018
52	52	FDP_733	FDP_733	1	7729880	7729880	chr2	4.12143540516154	0	0.016
53	53	FDP_896	FDP_896	1	7730041	7730041	chr2	4.58043990516588	0	0.006
54	54	FDP_2020	FDP_2020	1	7731159	7731159	chr2	4.9729155367374	0	0.003
55	55	MN2_7742622	MN2_7742622	1	7742623	7742623	chr2	5.09898214734694	0	0.003
56	56	MN2_8041868	MN2_8041868	1	8041869	8041869	chr2	5.15857754488034	0	0.003
57	57	PHYB_476	PHYB_476	1	8146424	8146424	chr2	5.24500189983836	0	0.002
58	58	PHYB_617	PHYB_617	1	8146565	8146565	chr2	5.28593464084378	0	0.002
59	59	PHYB_1645	PHYB_1645	1	8147588	8147588	chr2	5.23125024586909	0	0.002
60	60	PHYB_2850	PHYB_2850	1	8148793	8148793	chr2	5.31392752306725	0	0.002
61	61	PHYB_3060	PHYB_3060	1	8149003	8149003	chr2	5.20526925199764	0	0.002
62	62	PHYB_4171	PHYB_4171	1	8150114	8150114	chr2	5.19675112130854	0	0.002
63	63	PHYB_5215	PHYB_5215	1	8151156	8151156	chr2	5.56210967543923	0	0.001
64	64	MN2_8323924	MN2_8323924	1	8323925	8323925	chr2	5.78687540312743	0	0.001
65	65	MN2_8443352	MN2_8443352	1	8443352	8443352	chr2	6.31009804644279	0	0
66	66	FVE_1851	FVE_1851	1	8463591	8463591	chr2	6.0962099739329	0	0
67	67	MASC07330	MASC07330	1	8522337	8522337	chr2	6.38194043618966	0	0
68	68	MN2_8594369	MN2_8594369	1	8594370	8594370	chr2	6.40473538296174	0	0
69	69	MN2_8659973	MN2_8659973	1	8659974	8659974	chr2	6.46160230088717	0	0
70	70	MASC07166	MASC07166	1	8732740	8732740	chr2	6.61211176936705	0	0
71	71	MN2_8750048	MN2_8750048	1	8750048	8750048	chr2	6.89743593576346	0	0
72	72	MN2_8799676	MN2_8799676	1	8799677	8799677	chr2	6.92438930350283	0	0
73	73	MASC02995	MASC02995	1	8977457	8977457	chr2	7.25908662898582	0	0
74	74	MASC05584	MASC05584	1	9144043	9144043	chr2	6.99487987664587	0	0
75	75	MN2_9256094	MN2_9256094	1	9256096	9256096	chr2	7.78708555646846	0	0
76	76	MN2_9256220	MN2_9256220	1	9256222	9256222	chr2	8.44765239226958	0	0
77	77	MASC02600	MASC02600	1	9390913	9390913	chr2	8.24439614747615	0	0
78	78	MN2_9428987	MN2_9428987	1	9428988	9428988	chr2	8.55644938487721	0	0
79	79	MASC07354	MASC07354	1	9571362	9571362	chr2	7.99047278925589	0	0
80	80	SVP_88	SVP_88	1	9586217	9586217	chr2	8.01022292532804	0	0
81	81	SVP_694	SVP_694	1	9586818	9586818	chr2	8.37054049774144	0	0
82	82	SVP_993	SVP_993	1	9587116	9587116	chr2	8.4142573428413	0	0
83	83	SVP_3403	SVP_3403	1	9589518	9589518	chr2	8.68031737706858	0	0
84	84	SVP_4824	SVP_4824	1	9590921	9590921	chr2	8.74011207248416	0	0
85	85	MN2_9653239	MN2_9653239	1	9653240	9653240	chr2	10.9828341468828	0	0
86	86	MASC02928	MASC02928	1	9759616	9759616	chr2	14.6734290398599	0	0
87	87	MASC03019	MASC03019	1	9907424	9907424	chr2	16.3275565364958	0	0
88	88	MN2_10134400	MN2_10134400	1	10134401	10134401	chr2	16.8394321424546	0	0
89	89	MN2_10249407	MN2_10249407	1	10249408	10249408	chr2	17.4559241454258	0	0
90	90	MN2_10566684	MN2_10566684	1	10566672	10566672	chr2	19.0176802787073	0	0
91	91	MN2_10799937	MN2_10799937	1	10799936	10799936	chr2	21.1405825757305	0	0
92	92	MN2_10900221	MN2_10900221	1	10900222	10900222	chr2	21.4361426044586	0	0
93	93	MASC02949	MASC02949	1	10940331	10940331	chr2	22.3707074990376	0	0
94	94	MAX1_26	MAX1_26	1	11149688	11149688	chr2	21.9768478914756	0	0
95	95	MAX1_402	MAX1_402	1	11150064	11150064	chr2	22.3856331830914	0	0
96	96	MAX1_657	MAX1_657	1	11150319	11150319	chr2	23.3636105277172	0	0
97	97	MASC05927	MASC05927	1	11174979	11174979	chr2	23.4446085945029	0	0
98	98	MASC05920	MASC05920	1	11206822	11206822	chr2	23.5473333899084	0	0
99	99	ER_472	ER_472	1	11215620	11215620	chr2	23.4597837960273	0	0
100	100	MN2_11300378	MN2_11300378	1	11300373	11300373	chr2	23.4406367773875	0	0
101	101	MASC06116	MASC06116	1	11331465	11331465	chr2	23.1429913459967	0	0
102	102	MASC09221	MASC09221	1	11431844	11431844	chr2	23.4329319338954	0	0
103	103	MN2_11457357	MN2_11457357	1	11457345	11457345	chr2	23.0640857096859	0	0
104	104	MASC05372	MASC05372	1	11486592	11486592	chr2	21.840687805272	0	0
105	105	MASC02863	MASC02863	1	11547874	11547874	chr2	21.490542850632	0	0
106	106	MN2_11564603	MN2_11564603	1	11564605	11564605	chr2	20.8022459076837	0	0
107	107	MN2_11595170	MN2_11595170	1	11595111	11595111	chr2	21.7804933400792	0	0
108	108	MN2_11691452	MN2_11691452	1	11691453	11691453	chr2	21.5562529191919	0	0
109	109	MASC05327	MASC05327	1	11736431	11736431	chr2	19.2059364018175	0	0
110	110	ATC_828	ATC_828	1	11780160	11780160	chr2	18.4549048660014	0	0
111	111	ATC_1679	ATC_1679	1	11781007	11781007	chr2	18.5418903958769	0	0
112	112	ATC_2596	ATC_2596	1	11781922	11781922	chr2	18.5516406485017	0	0
113	113	MASC00349	MASC00349	1	11824799	11824799	chr2	18.0404293724576	0	0
114	114	MN2_12187411	MN2_12187411	1	12187412	12187412	chr2	17.1007188099551	0	0
115	115	MN2_12296907	MN2_12296907	1	12296908	12296908	chr2	16.4703685219957	0	0
116	116	MN2_12435349	MN2_12435349	1	12435349	12435349	chr2	16.6686732800709	0	0
117	117	MASC07284	MASC07284	1	12619886	12619886	chr2	14.8973251836574	0	0
118	118	MN2_12655100	MN2_12655100	1	12655102	12655102	chr2	15.4404881843325	0	0
119	119	MASC02492	MASC02492	1	12764382	12764382	chr2	17.0308633719558	0	0
120	120	MASC02787	MASC02787	1	12981812	12981812	chr2	16.6522890403559	0	0
121	121	MN2_13090443	MN2_13090443	1	13090444	13090444	chr2	15.7765011648428	0	0
122	122	MN2_13201786	MN2_13201786	1	13201788	13201788	chr2	15.1695485281612	0	0
123	123	MN2_13265590	MN2_13265590	1	13265591	13265591	chr2	14.8617279760771	0	0
124	124	MASC05434	MASC05434	1	13296782	13296782	chr2	14.8823976615293	0	0
125	125	MN2_13326105	MN2_13326105	1	13326106	13326106	chr2	14.8649038057904	0	0
126	126	MN2_13326473	MN2_13326473	1	13326475	13326475	chr2	14.3694921763216	0	0
127	127	MN2_13471565	MN2_13471565	1	13471566	13471566	chr2	13.2210163571847	0	0
128	128	MN2_13605144	MN2_13605144	1	13605145	13605145	chr2	13.2285536768220	0	0
129	129	MN2_13756416	MN2_13756416	1	13756417	13756417	chr2	12.3081847707093	0	0
130	130	MASC02512	MASC02512	1	13790015	13790015	chr2	11.5756301091362	0	0
131	131	MASC02971	MASC02971	1	13986387	13986387	chr2	10.2706384220567	0	0
132	132	MN2_14003409	MN2_14003409	1	14003410	14003410	chr2	10.2778772988348	0	0
133	133	MASC00585	MASC00585	1	14043647	14043647	chr2	10.4580854877829	0	0
134	134	SAR1_280	SAR1_280	1	14051279	14051279	chr2	10.456635193327	0	0
135	135	SAR1_183	SAR1_183	1	14051376	14051376	chr2	10.073971634488	0	0
136	136	MASC06798	MASC06798	1	14316720	14316720	chr2	9.17372666080628	0	0
137	137	FES1_3177	FES1_3177	1	14318911	14318911	chr2	9.12533364487272	0	0
138	138	FES1_2930	FES1_2930	1	14319158	14319158	chr2	9.1466043594199	0	0
139	139	FES1_1877	FES1_1877	1	14320211	14320211	chr2	9.15688733679213	0	0
140	140	FES1_1177	FES1_1177	1	14320911	14320911	chr2	9.20074637911584	0	0
141	141	MN2_14350717	MN2_14350717	1	14350718	14350718	chr2	9.29192836078997	0	0
142	142	MASC05841	MASC05841	1	14367864	14367864	chr2	9.38125873135668	0	0
143	143	MASC09222	MASC09222	1	14382486	14382486	chr2	9.31007124428843	0	0
144	144	MN2_14406873	MN2_14406873	1	14406871	14406871	chr2	9.30173850856298	0	0
145	145	MN2_14407001	MN2_14407001	1	14407003	14407003	chr2	8.98786928776999	0	0
146	146	MN2_14583090	MN2_14583090	1	14583091	14583091	chr2	8.69332741801605	0	0
147	147	NMSNP2_14697188	NMSNP2_14697188	1	NA	NA	chr2	8.95295555165753	0	0
148	148	MN2_14801460	MN2_14801460	1	14801461	14801461	chr2	8.92413603264556	0	0
149	149	MASC06034	MASC06034	1	14943401	14943401	chr2	8.9587234997257	0	0
150	150	MN2_14949589	MN2_14949589	1	14949575	14949575	chr2	9.09127285769193	0	0
151	151	MN2_15251700	MN2_15251700	1	15251701	15251701	chr2	9.19041669923921	0	0
152	152	MASC05384	MASC05384	1	15400219	15400219	chr2	8.77232164804927	0	0
153	153	RAX2_405	RAX2_405	1	15494202	15494202	chr2	7.83604728589825	0	0
154	154	MN2_15565512	MN2_15565512	1	15565513	15565513	chr2	7.54337642498915	0	0
155	155	MASC05402	MASC05402	1	15782832	15782832	chr2	6.30855641657925	0	0
156	156	MASC05385	MASC05385	1	15782990	15782990	chr2	6.72366368746868	0	0
157	157	MN2_15801493	MN2_15801493	1	15801495	15801495	chr2	6.49506733654944	0	0
158	158	MN2_16080260	MN2_16080260	1	16080261	16080261	chr2	6.53517002364214	0	0
159	159	MASC02232	MASC02232	1	16310862	16310862	chr2	6.78237622596133	0	0
160	160	MN2_16352463	MN2_16352463	1	16352464	16352464	chr2	6.62533695603067	0	0
161	161	MN2_16437489	MN2_16437489	1	16437490	16437490	chr2	6.41628003964956	0	0
162	162	MN2_16487410	MN2_16487410	1	16487411	16487411	chr2	6.42581522712699	0	0
163	163	MASC06077	MASC06077	1	16619473	16619473	chr2	6.40316459359733	0	0
164	164	HOS1_1176	HOS1_1176	1	16620610	16620610	chr2	6.58718349051709	0	0
165	165	HOS1_1788	HOS1_1788	1	16621172	16621172	chr2	6.14748137563588	0	0
166	166	HOS1_5516	HOS1_5516	1	16624899	16624899	chr2	6.24490241521648	0	0
167	167	HOS1_5595	HOS1_5595	1	16624976	16624976	chr2	6.41704052489234	0	0
168	168	HOS1_5954	HOS1_5954	1	16625334	16625334	chr2	6.41800260930785	0	0
169	169	MN2_16684166	MN2_16684166	1	16684167	16684167	chr2	6.46877197096891	0	0
170	170	MN2_16837474	MN2_16837474	1	16837475	16837475	chr2	6.68308925299509	0	0
171	171	MASC02930	MASC02930	1	16865598	16865598	chr2	6.72152494397047	0	0
172	172	MASC06022	MASC06022	1	16893586	16893586	chr2	6.79873614143386	0	0
173	173	NMSNP2_16908351	NMSNP2_16908351	1	NA	NA	chr2	6.95445806369114	0	0
174	174	MN2_17051422	MN2_17051422	1	17051423	17051423	chr2	6.82605970692672	0	0
175	175	MASC02158	MASC02158	1	17121587	17121587	chr2	6.16225055870267	0	0
176	176	MN2_17304379	MN2_17304379	1	17304380	17304380	chr2	5.94249227309216	0	0
177	177	MN2_17606148	MN2_17606148	1	17606149	17606149	chr2	5.51594803143188	0	0.001
178	178	MN2_17656418	MN2_17656418	1	17656415	17656415	chr2	5.45904050972184	0	0.002
179	179	MAX2_67	MAX2_67	1	17763987	17763987	chr2	5.53684425973381	0	0.001
180	180	MAX2_216	MAX2_216	1	17764136	17764136	chr2	5.49376338144252	0	0.002
181	181	MAX2_582	MAX2_582	1	17764502	17764502	chr2	5.4623138097152	0	0.002
182	182	MAX2_752	MAX2_752	1	17764672	17764672	chr2	5.43631893566406	0	0.002
183	183	MN2_17792406	MN2_17792406	1	17792397	17792397	chr2	5.33947095320923	0	0.002
184	184	MN2_17844494	MN2_17844494	1	17844478	17844478	chr2	5.23472504105551	0	0.002
185	185	MN2_17860020	MN2_17860020	1	17860021	17860021	chr2	5.20318515967814	0	0.002
186	186	MN2_17899626	MN2_17899626	1	17899627	17899627	chr2	4.90227979274483	0	0.005
187	187	MASC02020	MASC02020	1	17998875	17998875	chr2	4.57890814411697	0	0.006
188	188	NMSNP2_18004250	NMSNP2_18004250	1	NA	NA	chr2	4.61688258140686	0	0.006
189	189	MN2_18034146	MN2_18034146	1	18034147	18034147	chr2	4.44603872529899	0	0.007
190	190	MASC03046	MASC03046	1	18344240	18344240	chr2	3.72726976928862	0	0.035
191	191	MN2_18402190	MN2_18402190	1	18402147	18402147	chr2	3.69043027460509	0	0.038
192	192	MAX3_67	MAX3_67	1	18566080	18566080	chr2	3.73377197888545	0	0.034
193	193	MAX3_141	MAX3_141	1	18566154	18566154	chr2	3.72184515896819	0	0.035
194	194	MN2_18603109	MN2_18603109	1	18603109	18603109	chr2	3.61849457813772	0.001	0.043
195	195	MN2_18701292	MN2_18701292	1	18701292	18701292	chr2	3.63326478102201	0.001	0.042
196	196	MN2_18753024	MN2_18753024	1	18753025	18753025	chr2	3.6458230900672	0.001	0.039
197	197	SOC1_2890	SOC1_2890	1	18816351	18816351	chr2	3.63162729082296	0.001	0.042
198	198	SOC1_2742	SOC1_2742	1	18816498	18816498	chr2	3.16735292414979	0.001	0.093
199	199	SOC1_2480	SOC1_2480	1	18816760	18816760	chr2	3.17789191909073	0.001	0.093
200	200	SOC1_1594	SOC1_1594	1	18817641	18817641	chr2	3.17868312737164	0.001	0.092
201	201	SOC1_1494	SOC1_1494	1	18817741	18817741	chr2	3.08767957612705	0.002	0.106
202	202	SOC1_651	SOC1_651	1	18818582	18818582	chr2	3.29754118584599	0.001	0.072
203	203	SOC1_461	SOC1_461	1	18818770	18818770	chr2	3.46088730685177	0.001	0.057
204	204	MN2_18954429	MN2_18954429	1	18954430	18954430	chr2	3.30446265033205	0.001	0.07
205	205	MASC06044	MASC06044	1	18975732	18975732	chr2	3.3482450873771	0	0.066
206	206	MN2_18986211	MN2_18986211	1	18986201	18986201	chr2	3.38457220436282	0.001	0.06
207	207	MN2_19104250	MN2_19104250	1	19104251	19104251	chr2	3.28253847450971	0.001	0.075
208	208	MN2_19253011	MN2_19253011	1	19253006	19253006	chr2	3.23868495701264	0.001	0.084
209	209	MN2_19504653	MN2_19504653	1	19504654	19504654	chr2	3.20402453068151	0.001	0.089
210	210	MN2_19602061	MN2_19602061	1	19602061	19602061	chr2	3.22325480176699	0.001	0.086
1	1	MASC03898	MASC03898	1	276923	276923	chr3	0.0888257903706447	0.815	1
2	2	NMSNP3_297894	NMSNP3_297894	1	NA	NA	chr3	0.0860207993575259	0.818	1
3	3	MN3_580517	MN3_580517	1	580519	580519	chr3	0.101864625310539	0.788	1
4	4	MN3_691072	MN3_691072	1	691073	691073	chr3	0.112421490649832	0.77	1
5	5	RGL2_3396	RGL2_3396	1	819043	819043	chr3	0.136128995190381	0.731	1
6	6	RGL2_3255	RGL2_3255	1	819167	819167	chr3	0.137749235316789	0.727	1
7	7	RGL2_2959	RGL2_2959	1	819463	819463	chr3	0.142062785131168	0.726	1
8	8	RGL2_2115	RGL2_2115	1	820307	820307	chr3	0.135147635375459	0.731	1
9	9	RGL2_617	RGL2_617	1	821805	821805	chr3	0.166367680214551	0.68	1
10	10	MN3_965032	MN3_965032	1	965033	965033	chr3	0.155166756654514	0.704	1
11	11	MASC03001	MASC03001	1	971411	971411	chr3	0.188443005945876	0.636	1
12	12	FLK_2200	FLK_2200	1	1253530	1253530	chr3	0.176950170276873	0.663	1
13	13	FLK_1526	FLK_1526	1	1254204	1254204	chr3	0.176900933065675	0.663	1
14	14	FLK_958	FLK_958	1	1254771	1254771	chr3	0.15219025779882	0.703	1
15	15	MN3_1271206	MN3_1271206	1	1271204	1271204	chr3	0.153342722142057	0.693	1
16	16	GAr2_1349	GAr2_1349	1	1430779	1430779	chr3	0.202176872737353	0.612	1
17	17	NMSNP3_1638652	NMSNP3_1638652	1	NA	NA	chr3	0.263309540033237	0.513	1
18	18	NMSNP3_1689583	NMSNP3_1689583	1	NA	NA	chr3	0.282098487547634	0.492	1
19	19	MASC00175	MASC00175	1	1742714	1742714	chr3	0.336676066693626	0.437	1
20	20	MN3_1803905	MN3_1803905	1	1803906	1803906	chr3	0.312707599599639	0.472	1
21	21	NMSNP3_2216922	NMSNP3_2216922	1	NA	NA	chr3	0.453216711499316	0.346	1
22	22	MN3_2232003	MN3_2232003	1	2232005	2232005	chr3	0.453427949234602	0.344	1
23	23	MN3_2232935	MN3_2232935	1	2232934	2232934	chr3	0.409020967479405	0.381	1
24	24	MN3_2236560	MN3_2236560	1	2236561	2236561	chr3	0.379360099201512	0.411	1
25	25	MN3_2236721	MN3_2236721	1	2236723	2236723	chr3	0.416685361222713	0.373	1
26	26	MN3_2485350	MN3_2485350	1	2485351	2485351	chr3	0.281921174947869	0.505	1
27	27	MN3_2565035	MN3_2565035	1	2565036	2565036	chr3	0.322807933274371	0.458	1
28	28	MN3_2770433	MN3_2770433	1	2770434	2770434	chr3	0.327922562153028	0.446	1
29	29	MASC07180	MASC07180	1	2903325	2903325	chr3	0.232129881245878	0.568	1
30	30	MN3_2967877	MN3_2967877	1	2967878	2967878	chr3	0.217843483190716	0.595	1
31	31	MN3_3344789	MN3_3344789	1	3344790	3344790	chr3	0.159265906850858	0.695	1
32	32	MASC03344	MASC03344	1	3463237	3463237	chr3	0.157670967713146	0.701	1
33	33	MASC00560	MASC00560	1	3578605	3578605	chr3	0.0965425797710526	0.804	1
34	34	MASC00564	MASC00564	1	3580022	3580022	chr3	0.104620690624906	0.797	1
35	35	MN3_3610522	MN3_3610522	1	3610522	3610522	chr3	0.174662110640162	0.667	1
36	36	SPY_1453	SPY_1453	1	3632334	3632334	chr3	0.17202877295193	0.674	1
37	37	SPY_3013	SPY_3013	1	3633894	3633894	chr3	0.161534519375115	0.684	1
38	38	SPY_5334	SPY_5334	1	3636215	3636215	chr3	0.168589368748921	0.679	1
39	39	MN3_3679292	MN3_3679292	1	3679293	3679293	chr3	0.160621669665376	0.692	1
40	40	MN3_3679541	MN3_3679541	1	3679542	3679542	chr3	0.204958014559811	0.628	1
41	41	MN3_3895975	MN3_3895975	1	3895976	3895976	chr3	0.211912571672521	0.616	1
42	42	MN3_3991983	MN3_3991983	1	3991984	3991984	chr3	0.214092519159578	0.612	1
43	43	PIE1_701	PIE1_701	1	4065480	4065480	chr3	0.184933869132326	0.659	1
44	44	PIE1_898	PIE1_898	1	4065677	4065677	chr3	0.177565927753775	0.67	1
45	45	PIE1_1867	PIE1_1867	1	4066644	4066644	chr3	0.182871551155380	0.657	1
46	46	PIE1_5824	PIE1_5824	1	4070600	4070600	chr3	0.147003713058146	0.708	1
47	47	PIE1_7118	PIE1_7118	1	4071894	4071894	chr3	0.156167716684971	0.705	1
48	48	PIE1_8627	PIE1_8627	1	4073403	4073403	chr3	0.156204937285644	0.7	1
49	49	PIE1_9146	PIE1_9146	1	4073919	4073919	chr3	0.185247176572998	0.663	1
50	50	MN3_4141103	MN3_4141103	1	4141104	4141104	chr3	0.286997486261824	0.51	1
51	51	MN3_4194859	MN3_4194859	1	4194860	4194860	chr3	0.296910344056563	0.5	1
52	52	MASC04486	MASC04486	1	4237510	4237510	chr3	0.257630702465023	0.547	1
53	53	MN3_4305074	MN3_4305074	1	4305075	4305075	chr3	0.272952096078456	0.518	1
54	54	MN3_4356066	MN3_4356066	1	4356067	4356067	chr3	0.286658384434637	0.501	1
55	55	MN3_4470311	MN3_4470311	1	4470312	4470312	chr3	0.263584952530400	0.536	1
56	56	MN3_4591414	MN3_4591414	1	4591415	4591415	chr3	0.231390020145986	0.567	1
57	57	MASC02947	MASC02947	1	4625772	4625772	chr3	0.22353742496393	0.574	1
58	58	MASC01400	MASC01400	1	4738893	4738893	chr3	0.203747282932795	0.621	1
59	59	MASC04507	MASC04507	1	4823158	4823158	chr3	0.167823343617183	0.68	1
60	60	NMSNP3_4991903	NMSNP3_4991903	1	NA	NA	chr3	0.16139931473933	0.686	1
61	61	NMSNP3_5091855	NMSNP3_5091855	1	NA	NA	chr3	0.168161095401635	0.673	1
62	62	MN3_5210480	MN3_5210480	1	5210481	5210481	chr3	0.154984004891574	0.703	1
63	63	MN3_5299949	MN3_5299949	1	5299950	5299950	chr3	0.163577457656489	0.701	1
64	64	MN3_5440626	MN3_5440626	1	5440627	5440627	chr3	0.12132313337276	0.768	1
65	65	MASC04409	MASC04409	1	5608005	5608005	chr3	0.0738582862816717	0.844	1
66	66	MN3_5640301	MN3_5640301	1	5640302	5640302	chr3	0.0660849995186019	0.853	1
67	67	MN3_5749951	MN3_5749951	1	5749952	5749952	chr3	0.0513197004338286	0.882	1
68	68	MN3_5910420	MN3_5910420	1	5910421	5910421	chr3	0.045836200257897	0.898	1
69	69	MASC01537	MASC01537	1	6192392	6192392	chr3	0.0247014372134874	0.94	1
70	70	MN3_6240600	MN3_6240600	1	6240601	6240601	chr3	0.0254590867020978	0.942	1
71	71	MASC01747	MASC01747	1	6312588	6312588	chr3	0.0260478950405867	0.942	1
72	72	MN3_6450403	MN3_6450403	1	6450404	6450404	chr3	0.0226937568075427	0.949	1
73	73	MASC04279	MASC04279	1	6536035	6536035	chr3	0.0253641460563207	0.947	1
74	74	MASC04295	MASC04295	1	6563040	6563040	chr3	0.0339261133565784	0.922	1
75	75	MN3_6811299	MN3_6811299	1	6811300	6811300	chr3	0.0292046102686613	0.941	1
76	76	MN3_6890804	MN3_6890804	1	6890805	6890805	chr3	0.0251585965940028	0.941	1
77	77	MASC02637	MASC02637	1	6996123	6996123	chr3	0.0208446091508961	0.954	1
78	78	MN3_7120942	MN3_7120942	1	7120943	7120943	chr3	0.0166605304533837	0.963	1
79	79	MN3_7225496	MN3_7225496	1	7225497	7225497	chr3	0.0154553479232909	0.968	1
80	80	MN3_7392098	MN3_7392098	1	7392099	7392099	chr3	0.0171461813552847	0.965	1
81	81	MASC01568	MASC01568	1	7413260	7413260	chr3	0.0299250969637205	0.942	1
82	82	MASC01672	MASC01672	1	7451911	7451911	chr3	0.0263265565058115	0.946	1
83	83	MASC02447	MASC02447	1	7564208	7564208	chr3	0.0129126069403033	0.975	1
84	84	MN3_7590615	MN3_7590615	1	7590616	7590616	chr3	0.018300281183573	0.961	1
85	85	MASC01373	MASC01373	1	7796265	7796265	chr3	0.0191991968366928	0.962	1
86	86	MN3_7842354	MN3_7842354	1	7842355	7842355	chr3	0.0310290720230831	0.937	1
87	87	MN3_7917701	MN3_7917701	1	7917702	7917702	chr3	0.0239012060908331	0.949	1
88	88	NMSNP3_7976242	NMSNP3_7976242	1	NA	NA	chr3	0.0210944724334275	0.953	1
89	89	NMSNP3_8041859	NMSNP3_8041859	1	NA	NA	chr3	0.0114367785405454	0.973	1
90	90	MN3_8042142	MN3_8042142	1	8042143	8042143	chr3	0.00488743676258424	0.992	1
91	91	MASC04053	MASC04053	1	8100142	8100142	chr3	0.0105122853702077	0.974	1
92	92	MN3_8118135	MN3_8118135	1	8118137	8118137	chr3	0.0102509915733944	0.974	1
93	93	MN3_8190264	MN3_8190264	1	8190265	8190265	chr3	0.0167250037110481	0.961	1
94	94	AXR2_486	AXR2_486	1	8196108	8196108	chr3	0.0188642009714341	0.959	1
95	95	MASC04302	MASC04302	1	8241601	8241601	chr3	0.032310651031192	0.928	1
96	96	NMSNP3_8447967	NMSNP3_8447967	1	NA	NA	chr3	0.0528214445606234	0.877	1
97	97	MN3_8448466	MN3_8448466	1	8448467	8448467	chr3	0.0472264628925828	0.895	1
98	98	MASC02733	MASC02733	1	8460299	8460299	chr3	0.0678400794513458	0.858	1
99	99	MN3_8535358	MN3_8535358	1	8535359	8535359	chr3	0.0969675431258459	0.801	1
100	100	MASC00324	MASC00324	1	8643724	8643724	chr3	0.103974657263861	0.792	1
101	101	MN3_8693286	MN3_8693286	1	8693287	8693287	chr3	0.109545139666957	0.783	1
102	102	MN3_8693523	MN3_8693523	1	8693525	8693525	chr3	0.0988155085001554	0.8	1
103	103	MN3_8828575	MN3_8828575	1	8828576	8828576	chr3	0.10773277802179	0.776	1
104	104	MN3_8971383	MN3_8971383	1	8971365	8971365	chr3	0.106843102597664	0.765	1
105	105	MASC04510	MASC04510	1	8980047	8980047	chr3	0.103038188736461	0.776	1
106	106	MASC04560	MASC04560	1	9025008	9025008	chr3	0.116100858233726	0.761	1
107	107	MASC04498	MASC04498	1	9184731	9184731	chr3	0.130321992841682	0.73	1
108	108	MN3_9279089	MN3_9279089	1	9279090	9279090	chr3	0.110736296892910	0.768	1
109	109	MN3_9342356	MN3_9342356	1	9342358	9342358	chr3	0.0944311694598578	0.799	1
110	110	MN3_9547648	MN3_9547648	1	9547647	9547647	chr3	0.105797102892955	0.77	1
111	111	MASC01287	MASC01287	1	9724200	9724200	chr3	0.0780467948977301	0.825	1
112	112	MN3_9747529	MN3_9747529	1	9747531	9747531	chr3	0.125274200637023	0.744	1
113	113	MASC01390	MASC01390	1	9829261	9829261	chr3	0.113140085062861	0.771	1
114	114	MASC04523	MASC04523	1	9944728	9944728	chr3	0.108189770152958	0.773	1
115	115	MN3_10055595	MN3_10055595	1	10055596	10055596	chr3	0.103873944508091	0.772	1
116	116	MN3_10142705	MN3_10142705	1	10142707	10142707	chr3	0.081267135286494	0.834	1
117	117	MASC01072	MASC01072	1	10143128	10143128	chr3	0.121021006171457	0.732	1
118	118	MASC01048	MASC01048	1	10326201	10326201	chr3	0.133415364571357	0.72	1
119	119	MN3_10363610	MN3_10363610	1	10363612	10363612	chr3	0.223233302778378	0.575	1
120	120	MN3_10382169	MN3_10382169	1	10382170	10382170	chr3	0.235330969402815	0.559	1
121	121	MN3_10382626	MN3_10382626	1	10382627	10382627	chr3	0.221969018777597	0.589	1
122	122	MASC02770	MASC02770	1	10625652	10625652	chr3	0.209054538905435	0.603	1
123	123	MN3_10790631	MN3_10790631	1	10790633	10790633	chr3	0.145037911327225	0.701	1
124	124	MN3_10790732	MN3_10790732	1	10790733	10790733	chr3	0.149661243161105	0.699	1
125	125	MASC01098	MASC01098	1	10970472	10970472	chr3	0.106362900985877	0.758	1
126	126	NMSNP3_10995664	NMSNP3_10995664	1	NA	NA	chr3	0.0936202851567765	0.789	1
127	127	MN3_11097848	MN3_11097848	1	11097850	11097850	chr3	0.09765313593413	0.791	1
128	128	MN3_11190184	MN3_11190184	1	11190185	11190185	chr3	0.115999899439892	0.755	1
129	129	MN3_11192189	MN3_11192189	1	11192191	11192191	chr3	0.129286946419428	0.737	1
130	130	MN3_11293349	MN3_11293349	1	11293350	11293350	chr3	0.137864285800347	0.717	1
131	131	MN3_11398208	MN3_11398208	1	11398208	11398208	chr3	0.202083175742029	0.63	1
132	132	MASC04519	MASC04519	1	11543094	11543094	chr3	0.324603333888379	0.469	1
133	133	SGCSNP4309	SGCSNP4309	1	11675966	11675966	chr3	0.314099955549291	0.475	1
134	134	MASC02222	MASC02222	1	11979975	11979975	chr3	0.374345835405592	0.426	1
135	135	MN3_12044914	MN3_12044914	1	12044913	12044913	chr3	0.36879850317502	0.427	1
136	136	MN3_12348963	MN3_12348963	1	12348964	12348964	chr3	0.410979447328644	0.396	1
137	137	MASC04262	MASC04262	1	12491867	12491867	chr3	0.536000893940372	0.304	1
138	138	NMSNP3_12647157	NMSNP3_12647157	1	NA	NA	chr3	0.57937269711132	0.258	1
139	139	NMSNP3_12647572	NMSNP3_12647572	1	NA	NA	chr3	0.448138512200811	0.368	1
140	140	MN3_13148284	MN3_13148284	1	13148285	13148285	chr3	0.409190480217469	0.376	1
141	141	MASC07409	MASC07409	1	14239679	14239679	chr3	0.462365884838839	0.332	1
142	142	MASC05049	MASC05049	1	14315654	14315654	chr3	0.464745506858743	0.328	1
143	143	NMSNP3_14333132	NMSNP3_14333132	1	NA	NA	chr3	0.464990079627581	0.339	1
144	144	NMSNP3_14333216	NMSNP3_14333216	1	NA	NA	chr3	0.413588229436912	0.365	1
145	145	NMSNP3_15028196	NMSNP3_15028196	1	NA	NA	chr3	0.467499496930976	0.327	1
146	146	MN3_15233489	MN3_15233489	1	15233484	15233484	chr3	0.498102720089537	0.314	1
147	147	MN3_15328754	MN3_15328754	1	15328755	15328755	chr3	0.546546008737688	0.277	1
148	148	MN3_15679400	MN3_15679400	1	15679402	15679402	chr3	0.434845075381756	0.359	1
149	149	MN3_15679799	MN3_15679799	1	15679797	15679797	chr3	0.435653105571993	0.365	1
150	150	MN3_15771965	MN3_15771965	1	15771945	15771945	chr3	0.446185479790884	0.365	1
151	151	MN3_15880080	MN3_15880080	1	15880081	15880081	chr3	0.286562048196138	0.501	1
152	152	MN3_15977654	MN3_15977654	1	15977622	15977622	chr3	0.276363059308667	0.512	1
153	153	MASC04630	MASC04630	1	15996748	15996748	chr3	0.281617747574447	0.508	1
154	154	MASC07090	MASC07090	1	16174869	16174869	chr3	0.231915725627453	0.559	1
155	155	MN3_16176877	MN3_16176877	1	16176879	16176879	chr3	0.25770659940852	0.53	1
156	156	MASC05163	MASC05163	1	16359177	16359177	chr3	0.250815122278337	0.538	1
157	157	MN3_16489672	MN3_16489672	1	16489674	16489674	chr3	0.280849472323785	0.498	1
158	158	NMSNP3_16553703	NMSNP3_16553703	1	NA	NA	chr3	0.283127331106836	0.495	1
159	159	MN3_16608234	MN3_16608234	1	16608235	16608235	chr3	0.437966001870076	0.355	1
160	160	MN3_16608317	MN3_16608317	1	16608319	16608319	chr3	0.394633518822329	0.398	1
161	161	MN3_16608615	MN3_16608615	1	16608592	16608592	chr3	0.446517021411152	0.345	1
162	162	MASC01148	MASC01148	1	16633499	16633499	chr3	0.402750841933046	0.377	1
163	163	PERL0600049	PERL0600049	1	16676777	16676777	chr3	0.400864629432631	0.379	1
164	164	MN3_16676939	MN3_16676939	1	16676941	16676941	chr3	0.411325243012791	0.372	1
165	165	PERL0600074	PERL0600074	1	16677685	16677685	chr3	0.308228344031187	0.49	1
166	166	MN3_17166362	MN3_17166362	1	17166363	17166363	chr3	0.288306072298025	0.503	1
167	167	NMSNP3_17381469	NMSNP3_17381469	1	NA	NA	chr3	0.263400577640198	0.546	1
168	168	MASC00948	MASC00948	1	17432692	17432692	chr3	0.189049580296427	0.633	1
169	169	MASC07256	MASC07256	1	17449004	17449004	chr3	0.222166805075368	0.591	1
170	170	MASC03166	MASC03166	1	17585068	17585068	chr3	0.192569667542098	0.642	1
171	171	MASC03175	MASC03175	1	17585344	17585344	chr3	0.199405863168832	0.623	1
172	172	MASC09041	MASC09041	1	17648410	17648410	chr3	0.214703406904009	0.593	1
173	173	MASC07226	MASC07226	1	17650538	17650538	chr3	0.252479302879435	0.537	1
174	174	MN3_17766901	MN3_17766901	1	17766901	17766901	chr3	0.281840778754439	0.507	1
175	175	MN3_17767232	MN3_17767232	1	17767234	17767234	chr3	0.379748240194175	0.408	1
176	176	NMSNP3_17882342	NMSNP3_17882342	1	NA	NA	chr3	0.381309763108924	0.4	1
177	177	SGCSNP6012	SGCSNP6012	1	18110523	18110523	chr3	0.418551876395957	0.367	1
178	178	BKN7185	BKN7185	1	18274517	18274517	chr3	0.439274818315104	0.334	1
179	179	NMSNP3_18379643	NMSNP3_18379643	1	NA	NA	chr3	0.526460768968133	0.276	1
180	180	NMSNP3_18379818	NMSNP3_18379818	1	NA	NA	chr3	0.499802030311935	0.292	1
181	181	RAX3_419	RAX3_419	1	18439865	18439865	chr3	0.576407799073132	0.25	1
182	182	MN3_18510255	MN3_18510255	1	18510256	18510256	chr3	0.613089005172269	0.213	1
183	183	MASC03176	MASC03176	1	18512197	18512197	chr3	0.740388759128756	0.159	1
184	184	MASC09224	MASC09224	1	18512452	18512452	chr3	0.691179862210822	0.181	1
185	185	MN3_18590814	MN3_18590814	1	18590816	18590816	chr3	0.826339615961005	0.14	1
186	186	MASC01820	MASC01820	1	18903208	18903208	chr3	0.97667771720938	0.104	1
187	187	MASC02769	MASC02769	1	18980147	18980147	chr3	0.96042566468663	0.113	1
188	188	NMSNP3_18980664	NMSNP3_18980664	1	NA	NA	chr3	0.879270232083245	0.136	1
189	189	MN3_19077245	MN3_19077245	1	19077246	19077246	chr3	0.83361345721381	0.16	1
190	190	MN3_19179085	MN3_19179085	1	19179084	19179084	chr3	0.817897488511821	0.166	1
191	191	MN3_19283177	MN3_19283177	1	19283178	19283178	chr3	0.812769241130108	0.165	1
192	192	MN3_19533632	MN3_19533632	1	19533633	19533633	chr3	0.980323539530546	0.107	1
193	193	NMSNP3_19627883	NMSNP3_19627883	1	NA	NA	chr3	0.967517501004552	0.112	1
194	194	MASC02507	MASC02507	1	19691513	19691513	chr3	1.01127862075410	0.099	0.998
195	195	MN3_19725553	MN3_19725553	1	19725555	19725555	chr3	1.17085893827737	0.071	0.989
196	196	MASC04031	MASC04031	1	19809333	19809333	chr3	1.2717911776855	0.058	0.979
197	197	MASC01006	MASC01006	1	19816305	19816305	chr3	1.30581772614364	0.052	0.972
198	198	MN3_19831791	MN3_19831791	1	19831792	19831792	chr3	1.44964599270685	0.035	0.936
199	199	NMSNP3_19831941	NMSNP3_19831941	1	NA	NA	chr3	1.42954469737517	0.037	0.942
200	200	MASC03218	MASC03218	1	19875942	19875942	chr3	1.46180351192923	0.033	0.932
201	201	MASC04039	MASC04039	1	19910715	19910715	chr3	1.61288916304674	0.021	0.874
202	202	MASC07178	MASC07178	1	19924816	19924816	chr3	1.43556021337122	0.035	0.94
203	203	MN3_20027994	MN3_20027994	1	20027995	20027995	chr3	1.32618143098423	0.047	0.966
204	204	MN3_20028297	MN3_20028297	1	20028298	20028298	chr3	1.59341087475820	0.023	0.885
205	205	MASC04671	MASC04671	1	20137867	20137867	chr3	1.87156728363536	0.009	0.724
206	206	AMP1_458	AMP1_458	1	20267916	20267916	chr3	1.80296569166497	0.013	0.764
207	207	MASC04739	MASC04739	1	20398532	20398532	chr3	1.95603401165449	0.008	0.669
208	208	MN3_20428407	MN3_20428407	1	20428408	20428408	chr3	1.96987453814416	0.007	0.655
209	209	MASC04749	MASC04749	1	20441612	20441612	chr3	1.89275702122244	0.011	0.714
210	210	MASC00009	MASC00009	1	20561540	20561540	chr3	2.11278679139418	0.006	0.551
211	211	MASC00010	MASC00010	1	20576878	20576878	chr3	1.97099262391891	0.01	0.654
212	212	MN3_20607883	MN3_20607883	1	20607884	20607884	chr3	1.86815634953542	0.012	0.729
213	213	MASC07261	MASC07261	1	20710847	20710847	chr3	1.91667109461010	0.009	0.696
214	214	MN3_20728619	MN3_20728619	1	20728620	20728620	chr3	1.88260574104665	0.011	0.719
215	215	MASC00020	MASC00020	1	20809341	20809341	chr3	1.93311287549743	0.011	0.683
216	216	MN3_20828994	MN3_20828994	1	20828994	20828994	chr3	1.75167620532316	0.011	0.799
217	217	MASC00028	MASC00028	1	20874551	20874551	chr3	1.67794241431468	0.012	0.843
218	218	NMSNP3_21034379	NMSNP3_21034379	1	NA	NA	chr3	1.53712905223079	0.017	0.907
219	219	MN3_21127619	MN3_21127619	1	21127620	21127620	chr3	1.44227150135754	0.027	0.939
220	220	NMSNP3_21230086	NMSNP3_21230086	1	NA	NA	chr3	1.35438051244045	0.029	0.959
221	221	MN3_21230323	MN3_21230323	1	21230325	21230325	chr3	1.29122283049489	0.035	0.974
222	222	MN3_21309453	MN3_21309453	1	21309453	21309453	chr3	1.32713173206941	0.024	0.966
223	223	MN3_21528561	MN3_21528561	1	21528562	21528562	chr3	1.30975046090710	0.028	0.972
224	224	MN3_21632898	MN3_21632898	1	21632898	21632898	chr3	1.29193768714020	0.032	0.973
225	225	MASC02322	MASC02322	1	21719525	21719525	chr3	1.09459911860481	0.06	0.993
226	226	MN3_21728318	MN3_21728318	1	21728319	21728319	chr3	1.10539867786886	0.061	0.993
227	227	MASC02321	MASC02321	1	21784244	21784244	chr3	1.02389517960074	0.082	0.996
228	228	MN3_21927565	MN3_21927565	1	21927566	21927566	chr3	0.924988402740926	0.104	1
229	229	NMSNP3_21989468	NMSNP3_21989468	1	NA	NA	chr3	0.796995321979938	0.149	1
230	230	ARGOS_479	ARGOS_479	1	22141418	22141418	chr3	0.778616567607053	0.158	1
231	231	MN3_22146586	MN3_22146586	1	22146586	22146586	chr3	0.737854591483567	0.177	1
232	232	MN3_22230240	MN3_22230240	1	22230241	22230241	chr3	0.713836169574804	0.188	1
233	233	MN3_22316041	MN3_22316041	1	22316042	22316042	chr3	0.696086424373408	0.193	1
234	234	MN3_22370904	MN3_22370904	1	22370905	22370905	chr3	0.734288555587002	0.181	1
235	235	NMSNP3_22617260	NMSNP3_22617260	1	NA	NA	chr3	0.79919539002888	0.158	1
236	236	MASC04925	MASC04925	1	22638888	22638888	chr3	0.757375857942549	0.182	1
237	237	NMSNP3_22678932	NMSNP3_22678932	1	NA	NA	chr3	0.756042271377774	0.182	1
238	238	MASC03109	MASC03109	1	22695710	22695710	chr3	0.574750340378287	0.277	1
239	239	MN3_22787640	MN3_22787640	1	22787635	22787635	chr3	0.519347025666598	0.312	1
240	240	MN3_22843506	MN3_22843506	1	22843507	22843507	chr3	0.591135065437327	0.268	1
241	241	MN3_23054119	MN3_23054119	1	23054120	23054120	chr3	0.556422480122721	0.288	1
242	242	MN3_23099266	MN3_23099266	1	23099267	23099267	chr3	0.58080217072922	0.277	1
243	243	MN3_23260905	MN3_23260905	1	23260906	23260906	chr3	0.542082331195706	0.306	1
244	244	GAr3_248	GAr3_248	1	23299671	23299671	chr3	0.589751442928379	0.268	1
245	245	GAr3_390	GAr3_390	1	23299813	23299813	chr3	0.63051230889097	0.238	1
246	246	GAr3_949	GAr3_949	1	23299945	23299945	chr3	0.617603061341323	0.249	1
247	247	GAr3_1381	GAr3_1381	1	23300340	23300340	chr3	0.528922815523432	0.307	1
248	248	GAr3_2130	GAr3_2130	1	23301035	23301035	chr3	0.555669487326682	0.297	1
249	249	GAr3_3160	GAr3_3160	1	23302065	23302065	chr3	0.540273160218384	0.307	1
250	250	GAr3_3658	GAr3_3658	1	23302562	23302562	chr3	0.55887673380483	0.289	1
1	1	MN4_48812OK	MN4_48812OK	1	48814	48814	chr4	0.259171185110442	0.555	1
2	2	MN4_142943	MN4_142943	1	142944	142944	chr4	0.257127501765277	0.556	1
3	3	MN4_241821	MN4_241821	1	241822	241822	chr4	0.270738768638137	0.533	1
4	4	FRI_725	FRI_725	1	269261	269261	chr4	0.270319661914175	0.528	1
5	5	FRI_927	FRI_927	1	269463	269463	chr4	0.262246185711532	0.537	1
6	6	NMSNP4_270272	NMSNP4_270272	1	NA	NA	chr4	0.255499511489847	0.536	1
7	7	FRI_1888	FRI_1888	1	270408	270408	chr4	0.254624685216959	0.537	1
8	8	FRI_2343	FRI_2343	1	270863	270863	chr4	0.240158041605287	0.561	1
9	9	MASC04123	MASC04123	1	301330	301330	chr4	0.251283413350131	0.553	1
10	10	MN4_428535	MN4_428535	1	428536	428536	chr4	0.296798024853156	0.492	1
11	11	MN4_428737	MN4_428737	1	428738	428738	chr4	0.262250230745209	0.541	1
12	12	MN4_541323	MN4_541323	1	541324	541324	chr4	0.262516132029994	0.537	1
13	13	MASC02680	MASC02680	1	701441	701441	chr4	0.280734444693956	0.525	1
14	14	MASC04651	MASC04651	1	903544	903544	chr4	0.39312025213642	0.404	1
15	15	MASC02790	MASC02790	1	903868	903868	chr4	0.330400387888435	0.465	1
16	16	MASC02819	MASC02819	1	1004423	1004423	chr4	0.357138734090816	0.441	1
17	17	MASC05116	MASC05116	1	1004604	1004604	chr4	0.328224230469208	0.478	1
18	18	MN4_1055425	MN4_1055425	1	1055427	1055427	chr4	0.437724924522456	0.368	1
19	19	MASC04725	MASC04725	1	1092492	1092492	chr4	0.445852081078095	0.362	1
20	20	MASC04658	MASC04658	1	1104485	1104485	chr4	0.468469217718094	0.344	1
21	21	LD_5903	LD_5903	1	1123101	1123101	chr4	0.479587980701372	0.341	1
22	22	LD_5094	LD_5094	1	1123898	1123898	chr4	0.315641956631695	0.488	1
23	23	LD_3166	LD_3166	1	1125814	1125814	chr4	0.334650168180078	0.467	1
24	24	LD_258	LD_258	1	1128721	1128721	chr4	0.323152142352848	0.489	1
25	25	AXR6_733	AXR6_733	1	1132455	1132455	chr4	0.466822215632078	0.35	1
26	26	GA1_8429	GA1_8429	1	1237937	1237937	chr4	0.370094054269929	0.415	1
27	27	GA1_7845	GA1_7845	1	1238521	1238521	chr4	0.392182957327124	0.418	1
28	28	GA1_7762	GA1_7762	1	1238604	1238604	chr4	0.46427070151298	0.359	1
29	29	GA1_5420	GA1_5420	1	1240901	1240901	chr4	0.367859388983901	0.44	1
30	30	GA1_4586	GA1_4586	1	1241728	1241728	chr4	0.376993384050123	0.427	1
31	31	GA1_3232	GA1_3232	1	1243081	1243081	chr4	0.399929771631416	0.41	1
32	32	GA1_2963	GA1_2963	1	1243350	1243350	chr4	0.408565608315565	0.397	1
33	33	GA1_1502	GA1_1502	1	1244802	1244802	chr4	0.319602515431026	0.494	1
34	34	MN4_1553589	MN4_1553589	1	1553590	1553590	chr4	0.334680911472199	0.465	1
35	35	NMSNP4_1585200	NMSNP4_1585200	1	NA	NA	chr4	0.455526006913013	0.345	1
36	36	MN4_1613365	MN4_1613365	1	1613367	1613367	chr4	0.691215267125661	0.224	1
37	37	MASC02074	MASC02074	1	1932249	1932249	chr4	0.649045592742238	0.24	1
38	38	NMSNP4_2133049	NMSNP4_2133049	1	NA	NA	chr4	0.657020333834955	0.235	1
39	39	MN4_2241604	MN4_2241604	1	2241601	2241601	chr4	0.618555513869711	0.259	1
40	40	MN4_2441131	MN4_2441131	1	2441129	2441129	chr4	0.592426216924295	0.253	1
41	41	MASC04881	MASC04881	1	2502451	2502451	chr4	0.724615203661048	0.204	1
42	42	NMSNP4_2510397	NMSNP4_2510397	1	NA	NA	chr4	0.711481079252352	0.215	1
43	43	MASC07280	MASC07280	1	2588285	2588285	chr4	0.523315147289715	0.312	1
44	44	MASC07337	MASC07337	1	2593762	2593762	chr4	0.521104321293501	0.325	1
45	45	MASC07341	MASC07341	1	2671984	2671984	chr4	0.416373908646396	0.382	1
46	46	MASC03328	MASC03328	1	2695394	2695394	chr4	0.476852317005272	0.353	1
47	47	MASC04894	MASC04894	1	2803491	2803491	chr4	0.497867414688493	0.336	1
48	48	MASC04117	MASC04117	1	2902406	2902406	chr4	0.565996286009914	0.282	1
49	49	MASC09225	MASC09225	1	2907156	2907156	chr4	0.668960433224025	0.226	1
50	50	MASC03713	MASC03713	1	3001615	3001615	chr4	0.746227607646038	0.187	1
51	51	NMSNP4_3006988	NMSNP4_3006988	1	NA	NA	chr4	0.688207861698025	0.216	1
52	52	PERL0692204	PERL0692204	1	3129540	3129540	chr4	0.65293848312343	0.237	1
53	53	PERL0695439	PERL0695439	1	3535624	3535624	chr4	0.608982107482079	0.261	1
54	54	PERL0697342	PERL0697342	1	3781190	3781190	chr4	0.59444720028865	0.271	1
55	55	PERL0699005	PERL0699005	1	3924073	3924073	chr4	0.595235681289563	0.269	1
56	56	PERL0700458	PERL0700458	1	4197468	4197468	chr4	0.562755689844273	0.288	1
57	57	PERL0701286	PERL0701286	1	4253904	4253904	chr4	0.555779255861805	0.298	1
58	58	NMSNP4_4803012	NMSNP4_4803012	1	NA	NA	chr4	0.480331534453052	0.342	1
59	59	MN4_4933868	MN4_4933868	1	4933870	4933870	chr4	0.423366771924709	0.391	1
60	60	MASC04672	MASC04672	1	5188623	5188623	chr4	0.512755188489296	0.319	1
61	61	MASC05102	MASC05102	1	5289624	5289624	chr4	0.440449133296805	0.376	1
62	62	MN4_5291400	MN4_5291400	1	5291402	5291402	chr4	0.678652823744456	0.209	1
63	63	CRY1_1112	CRY1_1112	1	5724251	5724251	chr4	0.784757576817016	0.167	1
64	64	MN4_5775707	MN4_5775707	1	5775708	5775708	chr4	0.707614676827848	0.202	1
65	65	MASC05017	MASC05017	1	6090874	6090874	chr4	0.599939263643604	0.253	1
66	66	MASC02654	MASC02654	1	6120458	6120458	chr4	0.73454397895154	0.182	1
67	67	MASC05208	MASC05208	1	6523084	6523084	chr4	0.759212455029575	0.172	1
68	68	MASC00122	MASC00122	1	6698814	6698814	chr4	0.779178323813616	0.177	1
69	69	NMSNP4_6781435	NMSNP4_6781435	1	NA	NA	chr4	0.743491916166885	0.184	1
70	70	MN4_6924080	MN4_6924080	1	6924082	6924082	chr4	0.717409739152898	0.2	1
71	71	NMSNP4_7045721	NMSNP4_7045721	1	NA	NA	chr4	0.720284735105336	0.202	1
72	72	MN4_7177248	MN4_7177248	1	7177247	7177247	chr4	0.710112079975119	0.197	1
73	73	MASC00093	MASC00093	1	7177635	7177635	chr4	0.887030652861701	0.14	1
74	74	MASC07316	MASC07316	1	7185492	7185492	chr4	0.940255461682346	0.121	1
75	75	MASC00094	MASC00094	1	7215383	7215383	chr4	0.942679869231558	0.122	1
76	76	NMSNP4_7448732	NMSNP4_7448732	1	NA	NA	chr4	0.959404717398481	0.118	1
77	77	MN4_7858241	MN4_7858241	1	7858243	7858243	chr4	0.985433385238918	0.107	1
78	78	MASC03250	MASC03250	1	8048339	8048339	chr4	0.982331808592369	0.114	1
79	79	MN4_8078648	MN4_8078648	1	8078649	8078649	chr4	0.780367208186911	0.184	1
80	80	MN4_8177683	MN4_8177683	1	8177684	8177684	chr4	0.863272658635641	0.157	1
81	81	NMSNP4_8482327	NMSNP4_8482327	1	NA	NA	chr4	0.864056097517967	0.152	1
82	82	MN4_8789187	MN4_8789187	1	8789188	8789188	chr4	0.664799682819225	0.238	1
83	83	NMSNP4_8876711	NMSNP4_8876711	1	NA	NA	chr4	0.634398636641108	0.25	1
84	84	MN4_8957775	MN4_8957775	1	8957774	8957774	chr4	0.443477121134311	0.363	1
85	85	ESD4_1150	ESD4_1150	1	9012741	9012741	chr4	0.388992898151669	0.409	1
86	86	ESD4_1264	ESD4_1264	1	9012853	9012853	chr4	0.347815922809542	0.454	1
87	87	ESD4_1754	ESD4_1754	1	9013343	9013343	chr4	0.345992647357539	0.449	1
88	88	ESD4_1925	ESD4_1925	1	9013514	9013514	chr4	0.353270926397054	0.45	1
89	89	ESD4_4722	ESD4_4722	1	9015942	9015942	chr4	0.387146924516932	0.42	1
90	90	MN4_9121213	MN4_9121213	1	9121214	9121214	chr4	0.330695275843491	0.472	1
91	91	MASC03269	MASC03269	1	9165318	9165318	chr4	0.416668368439067	0.389	1
92	92	MN4_9176420	MN4_9176420	1	9176421	9176421	chr4	0.444756190846809	0.377	1
93	93	PHYD_4813	PHYD_4813	1	9195560	9195560	chr4	0.488544343897019	0.344	1
94	94	PHYD_3586	PHYD_3586	1	9196730	9196730	chr4	0.479048943970125	0.346	1
95	95	PHYD_3094	PHYD_3094	1	9197222	9197222	chr4	0.640301387620446	0.255	1
96	96	PHYD_2806	PHYD_2806	1	9197510	9197510	chr4	0.609417589044883	0.265	1
97	97	PHYD_2290	PHYD_2290	1	9198026	9198026	chr4	0.362357883865505	0.445	1
98	98	PHYD_1815	PHYD_1815	1	9198501	9198501	chr4	0.119344253210054	0.757	1
99	99	PHYD_930	PHYD_930	1	9199386	9199386	chr4	0.160220621190698	0.676	1
100	100	MN4_9213312	MN4_9213312	1	9213313	9213313	chr4	0.188758309844641	0.629	1
101	101	MN4_9226751	MN4_9226751	1	9226752	9226752	chr4	0.159384593943512	0.67	1
102	102	MN4_9276346	MN4_9276346	1	9276347	9276347	chr4	0.170334532952382	0.659	1
103	103	MASC00901	MASC00901	1	9307161	9307161	chr4	0.183426107515843	0.631	1
104	104	NMSNP4_9315210	NMSNP4_9315210	1	NA	NA	chr4	0.126514075666281	0.729	1
105	105	MN4_9364998	MN4_9364998	1	9364999	9364999	chr4	0.0563818462229119	0.866	1
106	106	NMSNP4_9377790	NMSNP4_9377790	1	NA	NA	chr4	0.082531322458196	0.791	1
107	107	NMSNP4_9630930	NMSNP4_9630930	1	NA	NA	chr4	0.099328353924059	0.762	1
108	108	MASC03263	MASC03263	1	9753866	9753866	chr4	0.0964356200610322	0.77	1
109	109	MN4_9952405	MN4_9952405	1	9952404	9952404	chr4	0.109304465985514	0.752	1
110	110	MASC07426	MASC07426	1	10012693	10012693	chr4	0.0664631257088893	0.839	1
111	111	PHYE_4688	PHYE_4688	1	10042029	10042029	chr4	0.0881641595299305	0.801	1
112	112	PHYE_2771	PHYE_2771	1	10043945	10043945	chr4	0.0511010032566402	0.877	1
113	113	PHYE_1561	PHYE_1561	1	10045155	10045155	chr4	0.0280431155580984	0.945	1
114	114	MASC02468	MASC02468	1	10143200	10143200	chr4	0.0279535434491500	0.941	1
115	115	NMSNP4_10276307	NMSNP4_10276307	1	NA	NA	chr4	0.0152427626971017	0.967	1
116	116	MASC01526	MASC01526	1	10302892	10302892	chr4	0.020469524953352	0.953	1
117	117	MN4_10482087	MN4_10482087	1	10482089	10482089	chr4	0.0302191046761724	0.927	1
118	118	MASC02548	MASC02548	1	10613956	10613956	chr4	0.035044545006911	0.919	1
119	119	MN4_10659155	MN4_10659155	1	10659156	10659156	chr4	0.041332345196051	0.897	1
120	120	NMSNP4_10777270	NMSNP4_10777270	1	NA	NA	chr4	0.0486979328624352	0.882	1
121	121	NMSNP4_10977574	NMSNP4_10977574	1	NA	NA	chr4	0.0542755390057318	0.871	1
122	122	TSF_2439	TSF_2439	1	11001783	11001783	chr4	0.0832792150007763	0.819	1
123	123	TSF_606	TSF_606	1	11003571	11003571	chr4	0.0856836726626448	0.811	1
124	124	MASC01686	MASC01686	1	11268012	11268012	chr4	0.122054684138270	0.747	1
125	125	NMSNP4_11326190	NMSNP4_11326190	1	NA	NA	chr4	0.119395266447612	0.755	1
126	126	MASC07397	MASC07397	1	11470277	11470277	chr4	0.127876857954586	0.744	1
127	127	MN4_11488359	MN4_11488359	1	11488359	11488359	chr4	0.134571102330937	0.724	1
128	128	MASC02503	MASC02503	1	11577782	11577782	chr4	0.0953083811327458	0.797	1
129	129	MN4_11579839	MN4_11579839	1	11579840	11579840	chr4	0.0947634290725559	0.798	1
130	130	MN4_11580143	MN4_11580143	1	11580144	11580144	chr4	0.0792724851237385	0.831	1
131	131	MASC04642	MASC04642	1	11786413	11786413	chr4	0.0620291465850232	0.875	1
132	132	MASC04141	MASC04141	1	11822749	11822749	chr4	0.0798856824758804	0.838	1
133	133	MN4_11878394	MN4_11878394	1	11878395	11878395	chr4	0.142893671939558	0.725	1
134	134	MN4_11984772	MN4_11984772	1	11984773	11984773	chr4	0.139249761222386	0.726	1
135	135	NMSNP4_12076756	NMSNP4_12076756	1	NA	NA	chr4	0.216569860261023	0.617	1
136	136	MN4_12195812	MN4_12195812	1	12195814	12195814	chr4	0.460925722657636	0.367	1
137	137	MASC03508	MASC03508	1	12244450	12244450	chr4	0.509028011129694	0.333	1
138	138	MN4_12326350	MN4_12326350	1	12326351	12326351	chr4	0.462193281820115	0.367	1
139	139	SLY1_586	SLY1_586	1	12563022	12563022	chr4	0.343893123346126	0.46	1
140	140	SLY1_1984	SLY1_1984	1	12564413	12564413	chr4	0.290679646347397	0.526	1
141	141	SLY1_2145	SLY1_2145	1	12564574	12564574	chr4	0.361099924548944	0.446	1
142	142	MN4_12654226	MN4_12654226	1	12654227	12654227	chr4	0.295548594361648	0.519	1
143	143	AGL24_4208	AGL24_4208	1	12670690	12670690	chr4	0.30275542590795	0.513	1
144	144	AGL24_3913	AGL24_3913	1	12670977	12670977	chr4	0.305369851472666	0.509	1
145	145	AGL24_3653	AGL24_3653	1	12671234	12671234	chr4	0.303594090334628	0.513	1
146	146	AGL24_3515	AGL24_3515	1	12671372	12671372	chr4	0.303274504437079	0.513	1
147	147	AGL24_3240	AGL24_3240	1	12671647	12671647	chr4	0.288824663524316	0.536	1
148	148	AGL24_2913	AGL24_2913	1	12671974	12671974	chr4	0.306412145415773	0.524	1
149	149	AGL24_848	AGL24_848	1	12674029	12674029	chr4	0.306858168703373	0.52	1
150	150	AGL24_59	AGL24_59	1	12674813	12674813	chr4	0.305373624980712	0.52	1
151	151	MN4_12900427	MN4_12900427	1	12900428	12900428	chr4	0.303871868527224	0.508	1
152	152	NMSNP4_12978586	NMSNP4_12978586	1	NA	NA	chr4	0.305337007821714	0.499	1
153	153	MASC01816	MASC01816	1	13009947	13009947	chr4	0.334317322478285	0.463	1
154	154	MN4_13078471	MN4_13078471	1	13078472	13078472	chr4	0.359184195223885	0.44	1
155	155	MN4_13180063	MN4_13180063	1	13180064	13180064	chr4	0.371196760629201	0.417	1
156	156	NMSNP4_13213908	NMSNP4_13213908	1	NA	NA	chr4	0.37606367065739	0.417	1
157	157	MASC03074	MASC03074	1	13226714	13226714	chr4	0.521464873871461	0.297	1
158	158	MN4_13238316	MN4_13238316	1	13238317	13238317	chr4	0.621594072210786	0.24	1
159	159	MN4_13358579	MN4_13358579	1	13358580	13358580	chr4	0.630741242496273	0.23	1
160	160	MN4_13576438	MN4_13576438	1	13576437	13576437	chr4	0.874446917066799	0.126	1
161	161	MASC02802	MASC02802	1	13612124	13612124	chr4	0.837078914418465	0.135	1
162	162	MASC00006	MASC00006	1	13670764	13670764	chr4	0.81202867666645	0.152	1
163	163	NMSNP4_13680544	NMSNP4_13680544	1	NA	NA	chr4	0.855240296780743	0.137	1
164	164	MN4_13753532	MN4_13753532	1	13753533	13753533	chr4	0.82704050075121	0.144	1
165	165	MN4_13978437	MN4_13978437	1	13978438	13978438	chr4	0.903843967971878	0.121	1
166	166	MN4_14075777	MN4_14075777	1	14075776	14075776	chr4	0.868292728279675	0.128	1
167	167	MN4_14177230	MN4_14177230	1	14177231	14177231	chr4	0.96107652782592	0.106	1
168	168	MASC03152	MASC03152	1	14241937	14241937	chr4	0.949485301958011	0.111	1
169	169	MN4_14318307	MN4_14318307	1	14318308	14318308	chr4	0.866697875924946	0.127	1
170	170	MASC00126	MASC00126	1	14322426	14322426	chr4	0.910503895438354	0.117	1
171	171	MN4_14379736	MN4_14379736	1	14379738	14379738	chr4	0.827274561763159	0.146	1
172	172	NMSNP4_14379876	NMSNP4_14379876	1	NA	NA	chr4	1.05241871613661	0.094	0.996
173	173	MN4_14533015	MN4_14533015	1	14533016	14533016	chr4	1.00140449775723	0.101	0.999
174	174	MN4_14533372	MN4_14533372	1	14533373	14533373	chr4	0.881890557957482	0.136	1
175	175	NMSNP4_14635805	NMSNP4_14635805	1	NA	NA	chr4	0.91416110337277	0.13	1
176	176	MASC03154	MASC03154	1	14658638	14658638	chr4	0.804549457105172	0.155	1
177	177	MASC02354	MASC02354	1	14660281	14660281	chr4	0.827898906457661	0.143	1
178	178	MN4_14732051	MN4_14732051	1	14732052	14732052	chr4	0.779753770913144	0.16	1
179	179	VIN3L_5026	VIN3L_5026	1	14786669	14786669	chr4	0.748492057293072	0.174	1
180	180	VIN3L_4961	VIN3L_4961	1	14786734	14786734	chr4	0.810830575208126	0.156	1
181	181	VIN3L_4569	VIN3L_4569	1	14787126	14787126	chr4	0.789995751876604	0.156	1
182	182	VIN3L_50	VIN3L_50	1	14791619	14791619	chr4	0.749605384987151	0.169	1
183	183	MN4_14935855	MN4_14935855	1	14935856	14935856	chr4	0.737034554747472	0.179	1
184	184	MN4_14936037	MN4_14936037	1	14936038	14936038	chr4	0.765460791224926	0.172	1
185	185	MN4_15087653	MN4_15087653	1	15087654	15087654	chr4	0.760665065266278	0.172	1
186	186	NMSNP4_15175468	NMSNP4_15175468	1	NA	NA	chr4	0.792956297999752	0.157	1
187	187	MN4_15274377	MN4_15274377	1	15274378	15274378	chr4	0.786866690551748	0.161	1
188	188	MN4_15329740	MN4_15329740	1	15329741	15329741	chr4	0.801067122211936	0.151	1
189	189	MASC03336	MASC03336	1	15489086	15489086	chr4	0.721347051567408	0.181	1
190	190	MN4_15571879	MN4_15571879	1	15571880	15571880	chr4	0.78875744527097	0.16	1
191	191	MN4_15662175	MN4_15662175	1	15662176	15662176	chr4	0.872486283971289	0.131	1
192	192	NMSNP4_15765120	NMSNP4_15765120	1	NA	NA	chr4	1.01113809149794	0.1	0.998
193	193	MASC03998	MASC03998	1	15786582	15786582	chr4	0.984684412857436	0.105	1
194	194	MAX4_84	MAX4_84	1	15828436	15828436	chr4	0.954936396866507	0.108	1
195	195	MAX4_184	MAX4_184	1	15828536	15828536	chr4	0.895690719216104	0.121	1
196	196	MN4_15865150	MN4_15865150	1	15865151	15865151	chr4	0.858042392812054	0.127	1
197	197	MASC03874	MASC03874	1	15897266	15897266	chr4	0.862480730574544	0.126	1
198	198	MN4_15925187	MN4_15925187	1	15925189	15925189	chr4	0.764651646265167	0.165	1
199	199	MN4_16025638	MN4_16025638	1	16025639	16025639	chr4	0.729308478766544	0.173	1
200	200	MN4_16338157	MN4_16338157	1	16338158	16338158	chr4	0.655693572617045	0.207	1
201	201	MN4_16383274	MN4_16383274	1	16383275	16383275	chr4	0.668062881017786	0.197	1
202	202	MN4_16474676	MN4_16474676	1	16474677	16474677	chr4	0.639139300157475	0.211	1
203	203	MN4_16547251	MN4_16547251	1	16547252	16547252	chr4	0.681312543805321	0.189	1
204	204	MASC07383	MASC07383	1	16574990	16574990	chr4	0.625080864139498	0.214	1
205	205	MASC07295	MASC07295	1	16702031	16702031	chr4	0.573209075261087	0.258	1
206	206	MN4_16742072	MN4_16742072	1	16742072	16742072	chr4	0.515943081241327	0.303	1
207	207	MASC04199	MASC04199	1	16879420	16879420	chr4	0.393683483862541	0.401	1
208	208	MN4_16888200	MN4_16888200	1	16888201	16888201	chr4	0.414058377954048	0.38	1
209	209	NMSNP4_16944691	NMSNP4_16944691	1	NA	NA	chr4	0.397025347528778	0.403	1
210	210	FD_250	FD_250	1	17003832	17003832	chr4	0.317186642516406	0.478	1
211	211	FD_1596	FD_1596	1	17005171	17005171	chr4	0.299565758943829	0.5	1
212	212	FD_2774	FD_2774	1	17006349	17006349	chr4	0.283168177196893	0.52	1
213	213	NMSNP4_17038400	NMSNP4_17038400	1	NA	NA	chr4	0.374273306316005	0.4	1
214	214	MASC03225	MASC03225	1	17352240	17352240	chr4	0.333893805447535	0.445	1
215	215	MN4_17442969	MN4_17442969	1	17442970	17442970	chr4	0.281874407056115	0.507	1
216	216	MASC07250	MASC07250	1	17554864	17554864	chr4	0.267321272381063	0.525	1
217	217	MN4_17609253	MN4_17609253	1	17609254	17609254	chr4	0.227738774272590	0.561	1
218	218	ANT_295	ANT_295	1	17740263	17740263	chr4	0.243168608919602	0.544	1
219	219	MASC09216	MASC09216	1	17772125	17772125	chr4	0.149350013710157	0.708	1
220	220	MN4_17803780	MN4_17803780	1	17803782	17803782	chr4	0.125545740804982	0.74	1
221	221	MN4_17906421	MN4_17906421	1	17906422	17906422	chr4	0.162702557193301	0.668	1
222	222	MASC03594	MASC03594	1	18148534	18148534	chr4	0.172132769367087	0.658	1
223	223	NMSNP4_18156355	NMSNP4_18156355	1	NA	NA	chr4	0.22978376157124	0.557	1
224	224	MASC01711	MASC01711	1	18165168	18165168	chr4	0.209109378667676	0.605	1
225	225	MN4_18187339	MN4_18187339	1	18187340	18187340	chr4	0.210850349619632	0.6	1
226	226	MN4_18268215	MN4_18268215	1	18268125	18268125	chr4	0.243326939970039	0.554	1
227	227	MN4_18371994	MN4_18371994	1	18371994	18371994	chr4	0.220551680401237	0.59	1
228	228	NMSNP4_18417100	NMSNP4_18417100	1	NA	NA	chr4	0.230601428152996	0.575	1
229	229	MASC05258	MASC05258	1	18538525	18538525	chr4	0.204009709548199	0.628	1
1	1	MN5_107584	MN5_107584	1	107585	107585	chr5	0.443267828991909	0.34	1
2	2	MASC01792	MASC01792	1	209254	209254	chr5	0.41509064883051	0.374	1
3	3	MN5_428961	MN5_428961	1	428961	428961	chr5	0.485021219196173	0.313	1
4	4	MN5_476404	MN5_476404	1	476405	476405	chr5	0.447437234885911	0.336	1
5	5	NMSNP5_476785	NMSNP5_476785	1	NA	NA	chr5	0.361719277043064	0.416	1
6	6	MASC00144	MASC00144	1	506802	506802	chr5	0.312224567309951	0.474	1
7	7	MN5_625679	MN5_625679	1	625680	625680	chr5	0.325888738732571	0.452	1
8	8	MN5_658142	MN5_658142	1	658143	658143	chr5	0.256446324966744	0.535	1
9	9	MASC03480	MASC03480	1	740436	740436	chr5	0.229974612580294	0.568	1
10	10	MN5_1041169	MN5_1041169	1	1041157	1041157	chr5	0.198758203693119	0.626	1
11	11	MN5_1154885	MN5_1154885	1	1154886	1154886	chr5	0.137572367281957	0.721	1
12	12	MN5_1337439	MN5_1337439	1	1337440	1337440	chr5	0.101197185716194	0.8	1
13	13	MN5_1399718	MN5_1399718	1	1399715	1399715	chr5	0.101643794148390	0.804	1
14	14	MN5_1399959	MN5_1399959	1	1399956	1399956	chr5	0.090949685885117	0.818	1
15	15	MN5_1446247	MN5_1446247	1	1446248	1446248	chr5	0.125554894396161	0.768	1
16	16	MN5_1586146	MN5_1586146	1	1586148	1586148	chr5	0.160052321516610	0.698	1
17	17	ATMYB33_119	ATMYB33_119	1	1836985	1836985	chr5	0.172011969555733	0.683	1
18	18	ATMYB33_3059	ATMYB33_3059	1	1839921	1839921	chr5	0.169871832554667	0.684	1
19	19	MN5_1841284	MN5_1841284	1	1841285	1841285	chr5	0.185609898373102	0.663	1
20	20	MN5_1931248	MN5_1931248	1	1931249	1931249	chr5	0.21336005695682	0.619	1
21	21	MN5_1943883	MN5_1943883	1	1943884	1943884	chr5	0.200758540055486	0.642	1
22	22	MASC04531	MASC04531	1	2073104	2073104	chr5	0.149165535787380	0.717	1
23	23	MN5_2153137	MN5_2153137	1	2153137	2153137	chr5	0.138357520231775	0.74	1
24	24	MN5_2192958	MN5_2192958	1	2192959	2192959	chr5	0.129456705894823	0.752	1
25	25	MN5_2244739	MN5_2244739	1	2244740	2244740	chr5	0.140469145438268	0.733	1
26	26	MN5_2244867	MN5_2244867	1	2244868	2244868	chr5	0.119732171594061	0.773	1
27	27	MN5_2296406	MN5_2296406	1	2296408	2296408	chr5	0.126379720995167	0.759	1
28	28	MASC03207	MASC03207	1	2383169	2383169	chr5	0.125989624117698	0.762	1
29	29	MASC04390	MASC04390	1	2455039	2455039	chr5	0.141671727815803	0.737	1
30	30	MASC02783	MASC02783	1	2522198	2522198	chr5	0.173100443964905	0.677	1
31	31	MN5_2707605	MN5_2707605	1	2707606	2707606	chr5	0.280987732505406	0.503	1
32	32	MN5_2799421	MN5_2799421	1	2799415	2799415	chr5	0.326757593151199	0.449	1
33	33	MN5_2808917	MN5_2808917	1	2808919	2808919	chr5	0.309232123012184	0.47	1
34	34	MN5_2900405	MN5_2900405	1	2900403	2900403	chr5	0.337813213670115	0.447	1
35	35	MN5_2925212	MN5_2925212	1	2925212	2925212	chr5	0.343033841650748	0.442	1
36	36	MN5_2974376	MN5_2974376	1	2974377	2974377	chr5	0.380340476769183	0.403	1
37	37	MN5_3092677	MN5_3092677	1	3092678	3092678	chr5	0.393585106019640	0.383	1
38	38	MN5_3092945	MN5_3092945	1	3092945	3092945	chr5	0.51091868026572	0.297	1
39	39	MN5_3149961	MN5_3149961	1	3149963	3149963	chr5	0.599582782603133	0.247	1
40	40	FLC_7207	FLC_7207	1	3173945	3173945	chr5	0.634052430939879	0.237	1
41	41	FLC_6809	FLC_6809	1	3174332	3174332	chr5	0.630969242520123	0.238	1
42	42	FLC_5907	FLC_5907	1	3175212	3175212	chr5	0.633851792636127	0.236	1
43	43	FLC_3312	FLC_3312	1	3176576	3176576	chr5	0.624196971066967	0.238	1
44	44	FLC_3215	FLC_3215	1	3176673	3176673	chr5	0.595938241193152	0.247	1
45	45	FLC_3090	FLC_3090	1	3176799	3176799	chr5	0.600477993707972	0.248	1
46	46	FLC_2775	FLC_2775	1	3177113	3177113	chr5	0.592221690142757	0.252	1
47	47	MN5_3177504	MN5_3177504	1	3177502	3177502	chr5	0.58006924758185	0.252	1
48	48	MN5_3200509	MN5_3200509	1	3200510	3200510	chr5	0.551184183178619	0.267	1
49	49	MN5_3227635	MN5_3227635	1	3227636	3227636	chr5	0.481366445537907	0.302	1
50	50	MN5_3281887	MN5_3281887	1	3281888	3281888	chr5	0.401158705313944	0.375	1
51	51	MASC09207	MASC09207	1	3284125	3284125	chr5	0.393925911017177	0.38	1
52	52	MN5_3289426	MN5_3289426	1	3289427	3289427	chr5	0.384213667376911	0.39	1
53	53	MN5_3330228	MN5_3330228	1	3330229	3330229	chr5	0.342803601013109	0.441	1
54	54	MN5_3330509	MN5_3330509	1	3330509	3330509	chr5	0.304451844755314	0.472	1
55	55	MN5_3392815	MN5_3392815	1	3392816	3392816	chr5	0.313114281051361	0.458	1
56	56	MN5_3491425	MN5_3491425	1	3491426	3491426	chr5	0.266742637456331	0.51	1
57	57	MN5_3498141	MN5_3498141	1	3498142	3498142	chr5	0.434341459475613	0.354	1
58	58	MN5_3695672	MN5_3695672	1	3695671	3695671	chr5	0.692321519985203	0.183	1
59	59	MN5_3908213	MN5_3908213	1	3908214	3908214	chr5	1.06120780829279	0.083	0.996
60	60	MN5_4010649	MN5_4010649	1	4010650	4010650	chr5	1.15813973652228	0.063	0.991
61	61	NMSNP5_4148593	NMSNP5_4148593	1	NA	NA	chr5	1.04282404900042	0.085	0.996
62	62	MN5_4179168	MN5_4179168	1	4179169	4179169	chr5	1.32256309835340	0.046	0.969
63	63	NMSNP5_4223380	NMSNP5_4223380	1	NA	NA	chr5	1.40208673089268	0.041	0.947
64	64	MASC05127	MASC05127	1	4243046	4243046	chr5	1.41041261795552	0.04	0.947
65	65	MN5_4293557	MN5_4293557	1	4293558	4293558	chr5	1.48564736210083	0.034	0.925
66	66	MN5_4318001	MN5_4318001	1	4318002	4318002	chr5	1.65718743005659	0.022	0.855
67	67	MN5_4318365	MN5_4318365	1	4318366	4318366	chr5	1.64881639620756	0.022	0.859
68	68	MN5_4327715	MN5_4327715	1	4327716	4327716	chr5	1.70935045439150	0.019	0.824
69	69	MN5_4344025	MN5_4344025	1	4344026	4344026	chr5	1.68418346885078	0.02	0.842
70	70	MN5_4428863	MN5_4428863	1	4428862	4428862	chr5	1.79212418157218	0.019	0.772
71	71	MN5_4820535	MN5_4820535	1	4820536	4820536	chr5	1.55117846611167	0.03	0.901
72	72	MASC01139	MASC01139	1	4827097	4827097	chr5	1.80940594087553	0.02	0.76
73	73	MN5_4897416	MN5_4897416	1	4897417	4897417	chr5	1.80168845751579	0.019	0.764
74	74	MN5_5005750	MN5_5005750	1	5005751	5005751	chr5	2.07328726095836	0.009	0.581
75	75	MASC01136	MASC01136	1	5145073	5145073	chr5	1.97423194008303	0.015	0.654
76	76	MASC01137	MASC01137	1	5145584	5145584	chr5	2.25326137764544	0.005	0.464
77	77	CO_1457	CO_1457	1	5172405	5172405	chr5	2.40301700185190	0.002	0.382
78	78	CO_612	CO_612	1	5173250	5173250	chr5	2.49715789526522	0.001	0.331
79	79	CO_347	CO_347	1	5173515	5173515	chr5	2.44258608916317	0.001	0.359
80	80	CO_203	CO_203	1	5173659	5173659	chr5	2.11651580456108	0.01	0.549
81	81	MN5_5198324	MN5_5198324	1	5198325	5198325	chr5	2.18399289860292	0.007	0.51
82	82	MN5_5318989	MN5_5318989	1	5318991	5318991	chr5	1.93870952281971	0.012	0.677
83	83	FRL1_543	FRL1_543	1	5344761	5344761	chr5	1.92005743316190	0.012	0.693
84	84	FRL1_971	FRL1_971	1	5345189	5345189	chr5	1.89498786753133	0.013	0.712
85	85	FRL1_1127	FRL1_1127	1	5345345	5345345	chr5	1.88462515078406	0.015	0.719
86	86	NMSNP5_5388280	NMSNP5_5388280	1	NA	NA	chr5	1.91225041386295	0.015	0.698
87	87	MASC02570	MASC02570	1	5422336	5422336	chr5	1.947705027575	0.012	0.67
88	88	MASC01586	MASC01586	1	5433919	5433919	chr5	1.83466427610947	0.017	0.747
89	89	MN5_5452600	MN5_5452600	1	5452601	5452601	chr5	2.26573725468447	0.005	0.456
90	90	MN5_5726284	MN5_5726284	1	5726285	5726285	chr5	2.31529840727235	0.004	0.437
91	91	TFL2_3265	TFL2_3265	1	5827101	5827101	chr5	2.43084822194896	0.004	0.369
92	92	TFL2_2993	TFL2_2993	1	5827373	5827373	chr5	2.44843587761705	0.003	0.356
93	93	TFL2_1346	TFL2_1346	1	5829019	5829019	chr5	2.45477891903314	0.003	0.349
94	94	TFL2_1199	TFL2_1199	1	5829166	5829166	chr5	2.5138191215872	0.003	0.32
95	95	TFL2_775	TFL2_775	1	5829590	5829590	chr5	2.63089565400358	0.001	0.267
96	96	NMSNP5_5841444	NMSNP5_5841444	1	NA	NA	chr5	2.5536333758616	0.003	0.302
97	97	MASC01538	MASC01538	1	5996222	5996222	chr5	2.35567650094301	0.004	0.414
98	98	MN5_6222071	MN5_6222071	1	6222072	6222072	chr5	2.60732908731654	0.001	0.282
99	99	NMSNP5_6222282	NMSNP5_6222282	1	NA	NA	chr5	2.59314779439677	0.003	0.289
100	100	MASC00072	MASC00072	1	6226662	6226662	chr5	2.31409787231720	0.005	0.438
101	101	MN5_6322454	MN5_6322454	1	6322455	6322455	chr5	2.15790326090337	0.007	0.526
102	102	MASC02568	MASC02568	1	6415443	6415443	chr5	2.00652000532328	0.008	0.626
103	103	NMSNP5_6416385	NMSNP5_6416385	1	NA	NA	chr5	1.95156779295627	0.01	0.67
104	104	MASC04986	MASC04986	1	6453529	6453529	chr5	1.74358107067056	0.016	0.807
105	105	NMSNP5_6523120	NMSNP5_6523120	1	NA	NA	chr5	1.64534674934242	0.021	0.86
106	106	MN5_6523351	MN5_6523351	1	6523352	6523352	chr5	1.56459365943119	0.026	0.896
107	107	MN5_6621153	MN5_6621153	1	6621149	6621149	chr5	1.53265397679964	0.029	0.907
108	108	MN5_6708112	MN5_6708112	1	6708113	6708113	chr5	1.43950851207495	0.037	0.94
109	109	MN5_6820592	MN5_6820592	1	6820593	6820593	chr5	1.47038614742528	0.037	0.93
110	110	MN5_6899767	MN5_6899767	1	6899768	6899768	chr5	1.34153670952371	0.049	0.963
111	111	MN5_6899957	MN5_6899957	1	6899958	6899958	chr5	1.33312986339909	0.053	0.964
112	112	MN5_7004457	MN5_7004457	1	7004458	7004458	chr5	1.52612124404988	0.031	0.91
113	113	MN5_7279056	MN5_7279056	1	7279058	7279058	chr5	1.45855135433186	0.038	0.933
114	114	MASC01742	MASC01742	1	7315350	7315350	chr5	1.38121661698763	0.043	0.951
115	115	MASC04577	MASC04577	1	7367493	7367493	chr5	1.41323612320388	0.041	0.947
116	116	RAX1_313	RAX1_313	1	7697392	7697392	chr5	1.27436361750673	0.05	0.979
117	117	MASC09209	MASC09209	1	7717926	7717926	chr5	1.55683703637418	0.027	0.897
118	118	MASC07384	MASC07384	1	8001192	8001192	chr5	1.63249696390215	0.025	0.863
119	119	SGCSNP14068	SGCSNP14068	1	8240546	8240546	chr5	1.77130396698604	0.02	0.788
120	120	SGCSNP14097	SGCSNP14097	1	8360131	8360131	chr5	1.82250593527013	0.017	0.754
121	121	FPF1_1263	FPF1_1263	1	8541646	8541646	chr5	1.89938312193982	0.013	0.709
122	122	MASC03559	MASC03559	1	8810485	8810485	chr5	2.07675532238766	0.012	0.576
123	123	NMSNP5_8894884	NMSNP5_8894884	1	NA	NA	chr5	2.13241845170038	0.013	0.539
124	124	BKN10577	BKN10577	1	8978327	8978327	chr5	2.05082546362252	0.012	0.592
125	125	NMSNP5_9105484	NMSNP5_9105484	1	NA	NA	chr5	1.81985485032300	0.02	0.756
126	126	MASC07368	MASC07368	1	9481364	9481364	chr5	1.84477303147683	0.02	0.741
127	127	GAr1_504	GAr1_504	1	9628389	9628389	chr5	1.53668300430017	0.03	0.907
128	128	GAr1_3640	GAr1_3640	1	9631511	9631511	chr5	1.19037794690751	0.065	0.987
129	129	MASC03158	MASC03158	1	10011771	10011771	chr5	0.774326665685698	0.174	1
130	130	SGCSNP14295	SGCSNP14295	1	10237899	10237899	chr5	0.703371903038862	0.214	1
131	131	NMSNP5_10525706	NMSNP5_10525706	1	NA	NA	chr5	0.547812719488148	0.296	1
132	132	MN5_10525862	MN5_10525862	1	10525863	10525863	chr5	0.66394338002349	0.231	1
133	133	NMSNP5_10910098	NMSNP5_10910098	1	NA	NA	chr5	0.7316191413731	0.182	1
134	134	MASC03952	MASC03952	1	11067098	11067098	chr5	0.80815006703691	0.145	1
135	135	PERL0963920	PERL0963920	1	11630622	11630622	chr5	0.8253269271067	0.148	1
136	136	PERL0965490	PERL0965490	1	12200701	12200701	chr5	0.889631185370997	0.127	1
137	137	PERL0968417	PERL0968417	1	12443508	12443508	chr5	0.979637952521472	0.1	1
138	138	MASC09210	MASC09210	1	12529404	12529404	chr5	1.10936319038829	0.083	0.993
139	139	MASC03601	MASC03601	1	12594045	12594045	chr5	1.20203157610490	0.073	0.987
140	140	MN5_12698438	MN5_12698438	1	12698390	12698390	chr5	1.18915148816015	0.072	0.987
141	141	MN5_12698621	MN5_12698621	1	12698573	12698573	chr5	1.07449712484284	0.09	0.995
142	142	MN5_12966464	MN5_12966464	1	12966466	12966466	chr5	0.93156665825578	0.118	1
143	143	NMSNP5_13272366	NMSNP5_13272366	1	NA	NA	chr5	1.00468152647253	0.103	0.999
144	144	NMSNP5_13614560	NMSNP5_13614560	1	NA	NA	chr5	0.643678593433611	0.223	1
145	145	NMSNP5_13614633	NMSNP5_13614633	1	NA	NA	chr5	1.00570578292221	0.101	0.999
146	146	MASC01361	MASC01361	1	13849977	13849977	chr5	1.41671662254652	0.044	0.943
147	147	NMSNP5_14303707	NMSNP5_14303707	1	NA	NA	chr5	1.52853947586261	0.027	0.91
148	148	NMSNP5_14661352	NMSNP5_14661352	1	NA	NA	chr5	1.75104287490279	0.012	0.8
149	149	MN5_14712065	MN5_14712065	1	14712067	14712067	chr5	1.79446373095739	0.013	0.771
150	150	MN5_14870918	MN5_14870918	1	14870919	14870919	chr5	1.75974923487629	0.016	0.795
151	151	MN5_14952906	MN5_14952906	1	14952905	14952905	chr5	1.63656228760232	0.023	0.861
152	152	MASC04275	MASC04275	1	14991169	14991169	chr5	1.63101057079074	0.021	0.865
153	153	NMSNP5_15065196	NMSNP5_15065196	1	NA	NA	chr5	1.81018796596370	0.017	0.76
154	154	NMSNP5_15065361	NMSNP5_15065361	1	NA	NA	chr5	1.86906551709663	0.014	0.728
155	155	MN5_15316041	MN5_15316041	1	15316043	15316043	chr5	2.04401910907295	0.009	0.597
156	156	MASC04605	MASC04605	1	15395586	15395586	chr5	2.40306681270263	0.004	0.382
157	157	MN5_15457103	MN5_15457103	1	15457104	15457104	chr5	2.38306312431793	0.004	0.395
158	158	MASC07404	MASC07404	1	15761990	15761990	chr5	2.81777415023152	0.003	0.179
159	159	NMSNP5_15767945	NMSNP5_15767945	1	NA	NA	chr5	2.78028785363086	0.002	0.189
160	160	MN5_15768163	MN5_15768163	1	15768162	15768162	chr5	2.40764378129632	0.006	0.379
161	161	NMSNP5_15965250	NMSNP5_15965250	1	NA	NA	chr5	2.5794597826778	0.003	0.294
162	162	ERA1_470	ERA1_470	1	16119129	16119129	chr5	2.78662037302553	0.002	0.186
163	163	MN5_16122807	MN5_16122807	1	16122809	16122809	chr5	2.66924808611405	0.004	0.246
164	164	MASC07230	MASC07230	1	16203305	16203305	chr5	2.95183048044898	0.004	0.129
165	165	MASC04448	MASC04448	1	16354614	16354614	chr5	2.92362074337673	0.004	0.139
166	166	MN5_16368332	MN5_16368332	1	16368334	16368334	chr5	3.16939565082967	0.002	0.093
167	167	NMSNP5_16446291	NMSNP5_16446291	1	NA	NA	chr5	3.39130050886507	0.001	0.06
168	168	MN5_16964744	MN5_16964744	1	16964745	16964745	chr5	3.45435692426650	0.001	0.057
169	169	MASC01341	MASC01341	1	17148034	17148034	chr5	3.52675351090515	0.001	0.051
170	170	MASC03128	MASC03128	1	17186150	17186150	chr5	3.7511957725429	0.001	0.034
171	171	MN5_17242619	MN5_17242619	1	17242620	17242620	chr5	3.58617437692062	0.001	0.044
172	172	MASC02450	MASC02450	1	17358444	17358444	chr5	3.64469953318886	0.001	0.04
173	173	MASC07302	MASC07302	1	17478256	17478256	chr5	3.66141384852531	0.001	0.039
174	174	MASC04536	MASC04536	1	17555638	17555638	chr5	3.77212752118695	0.001	0.032
175	175	MN5_17569666	MN5_17569666	1	17569668	17569668	chr5	3.78800847422030	0	0.031
176	176	NMSNP5_17629384	NMSNP5_17629384	1	NA	NA	chr5	3.74080338444608	0.001	0.034
177	177	PNH_348	PNH_348	1	17629553	17629553	chr5	3.70683698617352	0.001	0.036
178	178	MASC04540	MASC04540	1	17693072	17693072	chr5	3.49164487013968	0.001	0.056
179	179	MN5_17864875	MN5_17864875	1	17864876	17864876	chr5	3.29062905148138	0.001	0.073
180	180	NMSNP5_17924620	NMSNP5_17924620	1	NA	NA	chr5	3.37425053708232	0.001	0.061
181	181	MN5_17924704	MN5_17924704	1	17924687	17924687	chr5	3.17076686980706	0.002	0.093
182	182	MASC04430	MASC04430	1	17944361	17944361	chr5	3.00657102195737	0.002	0.117
183	183	NMSNP5_18065760	NMSNP5_18065760	1	NA	NA	chr5	2.8505200275853	0.002	0.167
184	184	MN5_18166799	MN5_18166799	1	18166800	18166800	chr5	2.70417869647652	0.004	0.224
185	185	MN5_18258441	MN5_18258441	1	18258442	18258442	chr5	2.34367244915261	0.008	0.421
186	186	NMSNP5_18258766	NMSNP5_18258766	1	NA	NA	chr5	2.57366287257763	0.005	0.296
187	187	MASC02679	MASC02679	1	18283734	18283734	chr5	2.40561514456936	0.006	0.381
188	188	MASC01056	MASC01056	1	18295819	18295819	chr5	2.87677747994137	0.002	0.152
189	189	NMSNP5_18666593	NMSNP5_18666593	1	NA	NA	chr5	2.83643810525583	0.003	0.172
190	190	MN5_18782455	MN5_18782455	1	18782421	18782421	chr5	3.27920452712936	0.002	0.075
191	191	MN5_19124078	MN5_19124078	1	19124079	19124079	chr5	3.37536424811709	0.001	0.061
192	192	MN5_19124146	MN5_19124146	1	19124148	19124148	chr5	3.6950041274864	0	0.038
193	193	MASC02607	MASC02607	1	19270610	19270610	chr5	3.64656796134954	0	0.039
194	194	MN5_19316033	MN5_19316033	1	19316034	19316034	chr5	3.80754221864698	0	0.03
195	195	NMSNP5_19316305	NMSNP5_19316305	1	NA	NA	chr5	3.90142488068131	0	0.02
196	196	MN5_19415082	MN5_19415082	1	19415084	19415084	chr5	3.98637453447731	0	0.019
197	197	MASC04412	MASC04412	1	19475827	19475827	chr5	3.94249667463164	0	0.02
198	198	MN5_19503408	MN5_19503408	1	19503408	19503408	chr5	3.95741299826234	0	0.02
199	199	MN5_19503546	MN5_19503546	1	19503546	19503546	chr5	4.14147631467032	0	0.014
200	200	NMSNP5_19614462	NMSNP5_19614462	1	NA	NA	chr5	4.33128590389673	0	0.009
201	201	MASC07356	MASC07356	1	19627497	19627497	chr5	4.5182587547161	0	0.006
202	202	MASC01039	MASC01039	1	19701698	19701698	chr5	4.74447244567229	0	0.006
203	203	NMSNP5_19715921	NMSNP5_19715921	1	NA	NA	chr5	4.77283122721692	0	0.006
204	204	MN5_19716017	MN5_19716017	1	19716015	19716015	chr5	4.81584613352614	0	0.005
205	205	MN5_19823529	MN5_19823529	1	19823530	19823530	chr5	4.96958698933365	0	0.003
206	206	MN5_20021652	MN5_20021652	1	20021653	20021653	chr5	4.56845123727780	0	0.006
207	207	MN5_20128524	MN5_20128524	1	20128525	20128525	chr5	4.52634581306803	0	0.006
208	208	MN5_20215473	MN5_20215473	1	20215474	20215474	chr5	4.47863668518992	0	0.006
209	209	MN5_20318139	MN5_20318139	1	20318139	20318139	chr5	4.56025285237621	0	0.006
210	210	MASC07276	MASC07276	1	20523473	20523473	chr5	4.71680533602497	0	0.006
211	211	NMSNP5_20915321	NMSNP5_20915321	1	NA	NA	chr5	4.78379868613418	0	0.006
212	212	NMSNP5_21019318	NMSNP5_21019318	1	NA	NA	chr5	4.80088664021278	0.001	0.006
213	213	MN5_21039080	MN5_21039080	1	21039082	21039082	chr5	5.09264903335807	0	0.003
214	214	MN5_21039146	MN5_21039146	1	21039148	21039148	chr5	4.92682463282146	0	0.005
215	215	MASC04591	MASC04591	1	21260569	21260569	chr5	4.92056961768001	0	0.005
216	216	NMSNP5_21319032	NMSNP5_21319032	1	NA	NA	chr5	4.57638764846567	0	0.006
217	217	MN5_21415676	MN5_21415676	1	21415676	21415676	chr5	4.10126631124116	0	0.017
218	218	MN5_21718779	MN5_21718779	1	21718780	21718780	chr5	3.33098353447588	0.001	0.066
219	219	MN5_21719081	MN5_21719081	1	21719081	21719081	chr5	3.85710853215387	0	0.023
220	220	NMSNP5_21881149	NMSNP5_21881149	1	NA	NA	chr5	3.03548333897237	0	0.113
221	221	NMSNP5_21881254	NMSNP5_21881254	1	NA	NA	chr5	3.37061195501604	0	0.062
222	222	MN5_22040876	MN5_22040876	1	22040878	22040878	chr5	3.05930761098659	0	0.109
223	223	MN5_22116737	MN5_22116737	1	22116738	22116738	chr5	3.19297450212959	0	0.09
224	224	MN5_22318136	MN5_22318136	1	22318137	22318137	chr5	2.967130933968	0	0.126
225	225	MN5_22414731	MN5_22414731	1	22414702	22414702	chr5	2.63541777623447	0	0.264
226	226	MN5_22415000	MN5_22415000	1	22415002	22415002	chr5	3.03493972265637	0	0.113
227	227	MN5_22627502	MN5_22627502	1	22627503	22627503	chr5	3.02591195936848	0	0.115
228	228	NMSNP5_22714522	NMSNP5_22714522	1	NA	NA	chr5	2.80769997656073	0	0.181
229	229	MN5_22714627	MN5_22714627	1	22714628	22714628	chr5	2.82373431614899	0	0.176
230	230	NMSNP5_22918841	NMSNP5_22918841	1	NA	NA	chr5	2.81664735306837	0.001	0.179
231	231	MN5_23029638	MN5_23029638	1	23029639	23029639	chr5	2.87928795635078	0.001	0.152
232	232	NMSNP5_23115566	NMSNP5_23115566	1	NA	NA	chr5	2.44405423545837	0.001	0.358
233	233	VIN3_2942	VIN3_2942	1	23263476	23263476	chr5	2.5885288755136	0.001	0.291
234	234	VIN3_2713	VIN3_2713	1	23263705	23263705	chr5	2.24777879714965	0.003	0.469
235	235	VIN3_1614	VIN3_1614	1	23264799	23264799	chr5	2.67950459564722	0.001	0.237
236	236	VIN3_300	VIN3_300	1	23266108	23266108	chr5	1.90336285749983	0.009	0.706
237	237	NMSNP5_23270994	NMSNP5_23270994	1	NA	NA	chr5	1.46265081103911	0.032	0.932
238	238	MASC04571	MASC04571	1	23318122	23318122	chr5	1.61926019446378	0.023	0.87
239	239	MN5_23413242	MN5_23413242	1	23413243	23413243	chr5	1.91000846188922	0.012	0.702
240	240	MASC01545	MASC01545	1	23418059	23418059	chr5	2.18902340453672	0.005	0.508
241	241	MASC01216	MASC01216	1	23576901	23576901	chr5	2.33067015078900	0.003	0.43
242	242	MN5_23722677	MN5_23722677	1	23722678	23722678	chr5	2.54890140343369	0.001	0.303
243	243	MN5_23722914	MN5_23722914	1	23722915	23722915	chr5	2.91502554016162	0.001	0.144
244	244	NMSNP5_23815532	NMSNP5_23815532	1	NA	NA	chr5	3.44820826998481	0	0.057
245	245	MN5_23815654	MN5_23815654	1	23815655	23815655	chr5	3.49343457255484	0	0.056
246	246	MASC01063	MASC01063	1	23827712	23827712	chr5	3.39133765338152	0	0.06
247	247	MN5_23920457	MN5_23920457	1	23920458	23920458	chr5	3.21297679929458	0.001	0.089
248	248	MN5_23920887	MN5_23920887	1	23920889	23920889	chr5	3.40712376980019	0	0.06
249	249	MASC01444	MASC01444	1	23946391	23946391	chr5	3.3834165366574	0.001	0.06
250	250	MN5_24131319	MN5_24131319	1	24131304	24131304	chr5	3.28011289875173	0.001	0.075
251	251	MASC04574	MASC04574	1	24313133	24313133	chr5	3.17951674994348	0.001	0.092
252	252	MASC04576	MASC04576	1	24374794	24374794	chr5	3.20953050806707	0.001	0.089
253	253	REV_596	REV_596	1	24418222	24418222	chr5	3.20757876513396	0.001	0.089
254	254	SGCSNP18826	SGCSNP18826	1	24515188	24515188	chr5	3.21716574463409	0.001	0.088
255	255	MN5_24832902	MN5_24832902	1	24832903	24832903	chr5	3.07385784137045	0.001	0.108
256	256	MN5_24833253	MN5_24833253	1	24833246	24833246	chr5	3.072993175417	0.001	0.108
257	257	MASC01180	MASC01180	1	24853343	24853343	chr5	3.04201384534141	0.001	0.112
258	258	MASC02943	MASC02943	1	24861686	24861686	chr5	3.14991207872802	0.001	0.095
259	259	MASC07297	MASC07297	1	24931330	24931330	chr5	3.01576357319016	0.001	0.116
260	260	BFT_191	BFT_191	1	24939112	24939112	chr5	3.00732037275955	0.001	0.117
261	261	BFT_297	BFT_297	1	24939218	24939218	chr5	3.09759548039115	0.001	0.106
262	262	BFT_1187	BFT_1187	1	24940099	24940099	chr5	3.14082321389677	0.001	0.1
263	263	NMSNP5_24996685	NMSNP5_24996685	1	NA	NA	chr5	3.03030765278937	0.001	0.113
264	264	MN5_24996889	MN5_24996889	1	24996890	24996890	chr5	3.14058447328311	0.001	0.1
265	265	MASC07055	MASC07055	1	25038593	25038593	chr5	3.12571027577955	0.001	0.101
266	266	CDF1_2448	CDF1_2448	1	25086200	25086200	chr5	3.09390506764704	0.001	0.106
267	267	CDF1_2235	CDF1_2235	1	25086412	25086412	chr5	3.12743019139934	0.001	0.101
268	268	CDF1_1519	CDF1_1519	1	25087128	25087128	chr5	3.08692879539791	0.001	0.106
269	269	CDF1_943	CDF1_943	1	25087704	25087704	chr5	3.15456716917742	0.001	0.095
270	270	CDF1_696	CDF1_696	1	25087951	25087951	chr5	3.10045956183144	0.001	0.106
271	271	ELF5_3595	ELF5_3595	1	25166541	25166541	chr5	2.87905574628667	0.001	0.152
272	272	ELF5_3209	ELF5_3209	1	25166927	25166927	chr5	2.87364844231084	0.001	0.153
273	273	ELF5_3032	ELF5_3032	1	25167104	25167104	chr5	2.93718425397016	0.001	0.134
274	274	ELF5_2695	ELF5_2695	1	25167441	25167441	chr5	2.94591434856727	0.001	0.13
275	275	ELF5_1789	ELF5_1789	1	25168347	25168347	chr5	2.96148273131617	0.001	0.127
276	276	ELF5_1597	ELF5_1597	1	25168539	25168539	chr5	2.75145705777411	0.001	0.199
277	277	MASC02746	MASC02746	1	25227991	25227991	chr5	2.72589280275590	0.002	0.213
278	278	MASC01306	MASC01306	1	25557152	25557152	chr5	2.51575686713980	0.003	0.318
279	279	MASC04437	MASC04437	1	25564922	25564922	chr5	2.63516055160662	0.002	0.264
280	280	MASC01591	MASC01591	1	25813437	25813437	chr5	2.35513199640024	0.005	0.414
281	281	MN5_25819956	MN5_25819956	1	25819957	25819957	chr5	2.32311474873644	0.006	0.434
282	282	MN5_25963543	MN5_25963543	1	25963544	25963544	chr5	2.09318998624250	0.008	0.566
283	283	MN5_26029439	MN5_26029439	1	26029440	26029440	chr5	1.68462686753529	0.022	0.841
284	284	MN5_26121184	MN5_26121184	1	26121185	26121185	chr5	1.57897780326206	0.027	0.889
285	285	MN5_26220737	MN5_26220737	1	26220738	26220738	chr5	1.42064383375040	0.035	0.942
286	286	MN5_26379737	MN5_26379737	1	26379738	26379738	chr5	1.30802526616908	0.042	0.972
287	287	MN5_26380009	MN5_26380009	1	26380011	26380011	chr5	1.2594131028943	0.049	0.981
288	288	MN5_26437895	MN5_26437895	1	26437897	26437897	chr5	1.25555736331917	0.048	0.982
289	289	MN5_26438023	MN5_26438023	1	26438025	26438025	chr5	1.12757533711938	0.066	0.992
290	290	MN5_26708459	MN5_26708459	1	26708460	26708460	chr5	0.939556102696924	0.104	1
291	291	MN5_26877341	MN5_26877341	1	26877342	26877342	chr5	0.866653989050362	0.123	1
