Chr	Mb	Bur-0	Can-0	Col-0	Ct-1	Edi-0	Hi-0	Kn-0	Ler-0	Mt-0	No-0	Oy-0	Po-0	Rsch-4	Sf-2	Tsu-0	Wil-2	Ws-0	Wu-0	Zu-0
1	20.1	46.8	51.3	53.8	54.6	49.8	53.7	55.4	55.1	51.0	52.4	51.0	51.3	53.6	53.4	51.6	52.5	49.7	54.4	48.4
1	24.8	52.4	49.1	51.4	52.7	52.3	52.9	54.9	55.9	50.4	53.6	53.0	50.9	53.8	52.0	51.7	51.0	49.4	53.7	49.6
3	15.2	50.5	49.9	55.6	51.4	52.0	53.7	54.1	53.1	53.3	55.8	50.8	50.7	50.9	55.4	49.1	53.3	49.1	52.8	48.4
3	18.5	47.1	51.1	55.8	52.2	52.0	54.6	53.1	53.3	52.7	57.9	51.5	51.3	51.0	54.4	51.1	51.6	48.7	53.7	48.2
4	0.3	48.0	46.5	53.1	54.4	49.0	53.0	52.4	53.7	53.7	52.3	51.2	52.7	56.1	50.8	54.9	51.6	46.1	52.7	48.0
4	5.3	50.6	48.8	55.5	54.0	48.8	52.2	53.5	54.2	54.1	53.5	50.3	49.5	54.1	52.7	54.8	50.3	50.5	51.0	48.3
4	7.2	46.5	50.1	55.4	54.6	48.2	52.1	53.2	57.2	53.4	51.5	51.9	50.8	54.2	52.7	53.4	51.1	50.9	51.1	48.0
5	16.5	51.8	51.4	52.6	52.6	51.1	52.9	53.4	55.9	51.5	53.8	50.8	52.4	53.3	49.5	53.5	50.5	49.0	50.4	51.1
5	21.0	50.7	51.3	55.4	56.0	48.8	52.6	54.7	52.5	52.0	55.0	53.1	52.9	53.3	46.3	54.8	48.1	48.5	52.7	51.3
